KIN_ACC,KINASE,SUB_ACC,POSITION,CODE,PEPTIDE,KIN_ORGANISM,SOURCE,GROUP
,MAP3K,P45985,257,S,ISGQLVDSIAKTRDA,HUMAN,Uniprot,STE
,MAP3K,P45985,261,T,LVDSIAKTRDAGCRP,HUMAN,Uniprot,STE
,MAP3K,P52564,207,S,ISGYLVDSVAKTIDA,HUMAN,Uniprot,STE
,MAP3K,P52564,211,T,LVDSVAKTIDAGCKP,HUMAN,Uniprot,STE
,MAP3K,O14733,271,S,ISGRLVDSKAKTRSA,HUMAN,Uniprot,STE
,MAP3K,O14733,275,T,LVDSKAKTRSAGCAA,HUMAN,Uniprot,STE
,MAP3K,Q8CE90,287,S,ISGRLVDSKAKTRSA,MOUSE,Uniprot,STE
,MAP3K,Q8CE90,291,T,LVDSKAKTRSAGCAA,MOUSE,Uniprot,STE
,MAP3K,Q4KSH7,271,S,ISGRLVDSKAKTRSA,RAT,Uniprot,STE
,MAP3K,Q4KSH7,275,T,LVDSKAKTRSAGCAA,RAT,Uniprot,STE
,MST1,Q9TT90,638,S,GEASNVTSPTEEPTQ,CANLF,Uniprot,STE
,MST1,Q8MIK0,643,S,GEASSTTSPTEETTQ,CROCR,Uniprot,STE
,MST1,O97776,615,S,GEASSATSPTEESSQ,EULFC,Uniprot,STE
,MST1,O97952,626,S,GEASSTTSPTEETAQ,MACFA,Uniprot,STE
,MST1,Q6QT55,626,S,GEASSTTSPTEETAQ,MACMU,Uniprot,STE
,MST1,O97775,642,S,GEASSTTSPTEETTQ,PANTR,Uniprot,STE
,MST1,O97960,626,S,GEASSTTSPTEETAQ,PAPHA,Uniprot,STE
,MST1,Q9GKL7,627,S,GEASSATSPTEEPAQ,PIG,Uniprot,STE
,MST1,P49699,440,S,GESSSASSPTEDTTQ,RABIT,Uniprot,STE
,PAK4,Q865S3,143,S,GSRRGRSSLSLAKSV,CANLF,Uniprot,STE
,PAK1,Q865S3,886,S,PLDPRRRSLPAGDAL,CANLF,Uniprot,STE
,PAK4,Q865S3,896,S,AGDALYLSFTPPQPS,CANLF,Uniprot,STE
,PAK1,B2DCZ9,860,S,PLDPRRRSLPAGDAL,PIG,Uniprot,STE
,PAK4,B2DCZ9,870,S,AGDALYLSFTPPQPS,PIG,Uniprot,STE
,PAK4,Q5FVC2,143,S,GSRRGLSSLSLAKSV,RAT,Uniprot,STE
,PAK4,Q5FVC2,895,S,AGDALYLSFNPPQPS,RAT,Uniprot,STE
,PAK,Q2TA06,342,S,QETYRRISRVEFTFP,BOVIN,Uniprot,STE
,PAK,O14965,342,S,QETYKRISRVEFTFP,HUMAN,Uniprot,STE
,PAK,P97477,333,S,QETYRRISRVEFTFP,MOUSE,Uniprot,STE
,PAK,A5GFW1,342,S,QETYKRISRVEFTFP,PIG,Uniprot,STE
,PAK,P59241,335,S,QETYRRISRVEFTFP,RAT,Uniprot,STE
,MAP3K5,Q6P730,535,S,PSPARSSSYSEANEP,RAT,Uniprot,STE
,PASK,P68103,432,T,AVRDMRQTVAVGVIK,BOVIN,Uniprot,STE
,PASK,P62629,432,T,AVRDMRQTVAVGVIK,CRIGR,Uniprot,STE
,PASK,Q66RN5,432,T,AVRDMRQTVAVGVIK,FELCA,Uniprot,STE
,PASK,A2Q0Z0,432,T,AVRDMRQTVAVGVIK,HORSE,Uniprot,STE
,PASK,Q5R1X2,432,T,AVRDMRQTVAVGVIK,PANTR,Uniprot,STE
,PASK,Q5R4R8,432,T,AVRDMRQTVAVGVIK,PONAB,Uniprot,STE
,PASK,P68105,432,T,AVRDMRQTVAVGVIK,RABIT,Uniprot,STE
,MST1,Q810W5,210,S,SSAGWKNSIRHNLSL,ICTTR,Uniprot,STE
,MST1,A4L7N3,219,S,SSAGWKNSIRHNLSL,PIG,Uniprot,STE
,MST1,G3V7R4,206,S,SSAGWKNSIRHNLSL,RAT,Uniprot,STE
,PASK,A7MB78,641,S,YRYPRPASVPPSPSL,BOVIN,Uniprot,STE
,PASK,Q8MJ26,641,S,YRYPRPASVPPSPSL,MACMU,Uniprot,STE
,PASK,Q5R9H0,641,S,YRYPRPASVPPSPSL,PONAB,Uniprot,STE
,PASK,P13834,641,S,YRYPRPASVPPSPSL,RABIT,Uniprot,STE
,MST1,Q2PFX4,15,S,APAPKKGSKKAVTKA,MACFA,Uniprot,STE
,MST1,Q5R893,15,S,APAPKKGSKKAVTKA,PONAB,Uniprot,STE
,MST1,Q00715,15,S,RPAPKKGSKKAVTKA,RAT,Uniprot,STE
,MST1,Q5RCP8,15,S,APAPKKGSKKAVTKA,PONAB,Uniprot,STE
,PAK2,P62803,48,S,RGGVKRISGLIYEET,BOVIN,Uniprot,STE
,PAK2,P62800,48,S,RGGVKRISGLIYEET,CAIMO,Uniprot,STE
,PAK2,P62801,48,S,RGGVKRISGLIYEET,CHICK,Uniprot,STE
,PAK2,Q4R362,48,S,RGGVKRISGLIYEET,MACFA,Uniprot,STE
,PAK2,P62797,48,S,RGGVKRISGLIYEET,ONCMY,Uniprot,STE
,PAK2,P62796,48,S,RGGVKRISGLIYEET,ORENI,Uniprot,STE
,PAK2,P62802,48,S,RGGVKRISGLIYEET,PIG,Uniprot,STE
,PAK2,Q5RCS7,48,S,RGGVKRISGLIYEET,PONAB,Uniprot,STE
,PAK2,P62798,48,S,RGGVKRISGLIYEET,XENBO,Uniprot,STE
,PAK2,P62799,48,S,RGGVKRISGLIYEET,XENLA,Uniprot,STE
,PAK2,Q28DR4,48,S,RGGVKRISGLIYEET,XENTR,Uniprot,STE
,MAP3K14,Q95KV1,176,S,AKDVDQGSLCTSFVG,BOVIN,Uniprot,STE
,PAK2,O77627,2,T,******MTAKMETTF,BOVIN,Uniprot,STE
,PAK2,O77627,8,T,MTAKMETTFYDDALN,BOVIN,Uniprot,STE
,PAK2,O77627,89,T,QSSNGHITTTPTPTQ,BOVIN,Uniprot,STE
,PAK2,O77627,93,T,GHITTTPTPTQFLCP,BOVIN,Uniprot,STE
,PAK2,O77627,290,T,RLEEKVKTLKAQNSE,BOVIN,Uniprot,STE
,PAK2,P56432,2,T,******MTAKMETTF,PIG,Uniprot,STE
,PAK2,P56432,8,T,MTAKMETTFYDDALN,PIG,Uniprot,STE
,PAK2,P56432,89,T,QSSNGHITTTPTPTQ,PIG,Uniprot,STE
,PAK2,P56432,93,T,GHITTTPTPTQFLCP,PIG,Uniprot,STE
,PAK2,P56432,286,T,RLEEKVKTLKAQNSE,PIG,Uniprot,STE
,MAP2K,Q9HCC9,586,S,ERLREKCSPGGVIGA,HUMAN,Uniprot,STE
,MAP2K,Q9HCC9,870,T,VKPVRVCTHCYMFHV,HUMAN,Uniprot,STE
,MAP2K,Q6ZPK7,888,T,VKPVRVCTHCYMFHV,MOUSE,Uniprot,STE
,MAP4K1,D3ZG83,262,S,WHKTTKMSAAGTYAW,RAT,Uniprot,STE
,MAP4K1,Q66HA1,282,S,WHKTTQMSAAGTYAW,RAT,Uniprot,STE
,PAK,Q9GZU1,557,S,SGKFRRGSGSACSLL,HUMAN,Uniprot,STE
,PAK,Q9GZU1,559,S,KFRRGSGSACSLLCC,HUMAN,Uniprot,STE
,PAK,Q60HE8,557,S,SGKFRRGSGSACSLL,MACFA,Uniprot,STE
,PAK,Q60HE8,559,S,KFRRGSGSACSLLCC,MACFA,Uniprot,STE
,PAK,Q99J21,559,S,KFRRGSGSACSLFCC,MOUSE,Uniprot,STE
,PAK,P35240,518,S,DTDMKRLSMEIEKEK,HUMAN,Uniprot,STE
,PAK,P46662,518,S,DTDMKRLSMEIEKEK,MOUSE,Uniprot,STE
,PAK,P59750,518,S,DTDMKRLSMEIEKEK,PAPAN,Uniprot,STE
,PAK,Q63648,514,S,DTDMKRLSMEIEKEK,RAT,Uniprot,STE
,MAP2K1,P46196,185,T,HDHTGFLTEYVATRW,BOVIN,Uniprot,STE
,MAP2K2,P46196,185,T,HDHTGFLTEYVATRW,BOVIN,Uniprot,STE
,MAP2K1,P46196,187,Y,HTGFLTEYVATRWYR,BOVIN,Uniprot,STE
,MAP2K2,P46196,187,Y,HTGFLTEYVATRWYR,BOVIN,Uniprot,STE
,PAK1,Q5R7U1,189,S,YSHKGHLSEGLVTKW,PONAB,Uniprot,STE
,PAK2,Q5R7U1,189,S,YSHKGHLSEGLVTKW,PONAB,Uniprot,STE
,PAK3,Q5R7U1,189,S,YSHKGHLSEGLVTKW,PONAB,Uniprot,STE
,MAP2K4,P49185,185,Y,TSFMMTPYVVTRYYR,RAT,Uniprot,STE
,MAP2K4,P49186,185,Y,TNFMMTPYVVTRYYR,RAT,Uniprot,STE
,MAP2K4,P49187,223,Y,TSFMMTPYVVTRYYR,RAT,Uniprot,STE
,MAP2K3,Q63538,183,T,RQADSEMTGYVVTRW,RAT,Uniprot,STE
,MAP2K6,Q63538,183,T,RQADSEMTGYVVTRW,RAT,Uniprot,STE
,MAP2K3,Q63538,185,Y,ADSEMTGYVVTRWYR,RAT,Uniprot,STE
,MAP2K6,Q63538,185,Y,ADSEMTGYVVTRWYR,RAT,Uniprot,STE
,MAP2K3,Q3T0N5,180,T,RHTDVEMTGYVVTRW,BOVIN,Uniprot,STE
,MAP2K4,Q3T0N5,180,T,RHTDVEMTGYVVTRW,BOVIN,Uniprot,STE
,MAP2K7,Q3T0N5,180,T,RHTDVEMTGYVVTRW,BOVIN,Uniprot,STE
,MAP2K3,Q3T0N5,182,Y,TDVEMTGYVVTRWYR,BOVIN,Uniprot,STE
,MAP2K4,Q3T0N5,182,Y,TDVEMTGYVVTRWYR,BOVIN,Uniprot,STE
,MAP2K7,Q3T0N5,182,Y,TDVEMTGYVVTRWYR,BOVIN,Uniprot,STE
,MAP2K3,Q9N272,180,T,RHADAEMTGYVVTRW,PANTR,Uniprot,STE
,MAP2K4,Q9N272,180,T,RHADAEMTGYVVTRW,PANTR,Uniprot,STE
,MAP2K6,Q9N272,180,T,RHADAEMTGYVVTRW,PANTR,Uniprot,STE
,MAP2K7,Q9N272,180,T,RHADAEMTGYVVTRW,PANTR,Uniprot,STE
,MAP2K3,Q9N272,182,Y,ADAEMTGYVVTRWYR,PANTR,Uniprot,STE
,MAP2K4,Q9N272,182,Y,ADAEMTGYVVTRWYR,PANTR,Uniprot,STE
,MAP2K6,Q9N272,182,Y,ADAEMTGYVVTRWYR,PANTR,Uniprot,STE
,MAP2K7,Q9N272,182,Y,ADAEMTGYVVTRWYR,PANTR,Uniprot,STE
,MAP2K3,Q9WTY9,180,T,RHTDAEMTGYVVTRW,RAT,Uniprot,STE
,MAP2K4,Q9WTY9,180,T,RHTDAEMTGYVVTRW,RAT,Uniprot,STE
,MAP2K6,Q9WTY9,180,T,RHTDAEMTGYVVTRW,RAT,Uniprot,STE
,MAP2K3,Q9WTY9,182,Y,TDAEMTGYVVTRWYR,RAT,Uniprot,STE
,MAP2K4,Q9WTY9,182,Y,TDAEMTGYVVTRWYR,RAT,Uniprot,STE
,MAP2K6,Q9WTY9,182,Y,TDAEMTGYVVTRWYR,RAT,Uniprot,STE
,MAP2K6,Q90336,181,T,RHTDDEMTGYVATRW,CYPCA,Uniprot,STE
,MAP2K6,Q90336,183,Y,TDDEMTGYVATRWYR,CYPCA,Uniprot,STE
,MAP2K6,Q9I958,181,T,RLTDDEMTGYVATRW,CYPCA,Uniprot,STE
,MAP2K6,Q9I958,183,Y,TDDEMTGYVATRWYR,CYPCA,Uniprot,STE
,MAP2K3,O02812,180,T,RHTDDEMTGYVATRW,CANLF,Uniprot,STE
,MAP2K4,O02812,180,T,RHTDDEMTGYVATRW,CANLF,Uniprot,STE
,MAP2K6,O02812,180,T,RHTDDEMTGYVATRW,CANLF,Uniprot,STE
,MAP2K3,O02812,182,Y,TDDEMTGYVATRWYR,CANLF,Uniprot,STE
,MAP2K4,O02812,182,Y,TDDEMTGYVATRWYR,CANLF,Uniprot,STE
,MAP2K6,O02812,182,Y,TDDEMTGYVATRWYR,CANLF,Uniprot,STE
,MAP2K3,Q95NE7,180,T,RHTDDEMTGYVATRW,PANTR,Uniprot,STE
,MAP2K4,Q95NE7,180,T,RHTDDEMTGYVATRW,PANTR,Uniprot,STE
,MAP2K6,Q95NE7,180,T,RHTDDEMTGYVATRW,PANTR,Uniprot,STE
,MAP2K3,Q95NE7,182,Y,TDDEMTGYVATRWYR,PANTR,Uniprot,STE
,MAP2K4,Q95NE7,182,Y,TDDEMTGYVATRWYR,PANTR,Uniprot,STE
,MAP2K6,Q95NE7,182,Y,TDDEMTGYVATRWYR,PANTR,Uniprot,STE
,PAK2,Q58D94,27,S,RKARATDSLPGKFED,BOVIN,Uniprot,STE
,MST2,Q5RAE0,74,T,QINMLYGTITEFCTE,PONAB,Uniprot,STE
,STK10,P26042,558,T,LGRDKYKTLRQIRQG,PIG,Uniprot,STE
,PAK,Q63980,298,S,RTPGRPLSSYGMDSR,CRIGR,Uniprot,STE
,PAK,Q02750,298,S,RTPGRPLSSYGMDSR,HUMAN,Uniprot,STE
,PAK,P31938,298,S,RTPGRPLSSYGMDSR,MOUSE,Uniprot,STE
,PAK,Q9XT09,298,S,RTPGRPLSSYGMDSR,PANTR,Uniprot,STE
,PAK,P29678,298,S,RTPGRPLSSYGMDSR,RABIT,Uniprot,STE
,PAK,Q01986,298,S,RTPGRPLSSYGMDSR,RAT,Uniprot,STE
,PAK1,P29269,20,S,KRPQRATSNVFAMFD,PIG,Uniprot,STE
,PAK1,Q5RBA4,20,S,KRPQRATSNVFAMFD,PONAB,Uniprot,STE
,OXSR1,Q08E52,84,T,LPSDFEHTIHVGFDA,BOVIN,Uniprot,STE
,OXSR1,P35465,84,T,LPSDFEHTIHVGFDA,RAT,Uniprot,STE
,MAP3K5,O55173,397,S,QVSSSSSSHSLSAVD,RAT,Uniprot,STE
,MAP3K5,O55173,401,S,SSSSHSLSAVDASLP,RAT,Uniprot,STE
,PASK,A1YF08,152,T,EENKRTRTAYTRAQL,GORGO,Uniprot,STE
,PASK,P70118,151,T,EENKRTRTAYTRAQL,MESAU,Uniprot,STE
,PASK,A1YG85,151,T,EENKRTRTAYTRAQL,PANPA,Uniprot,STE
,PASK,A2T756,151,T,EENKRTRTAYTRAQL,PANTR,Uniprot,STE
,PAK1,Q4R5E4,467,T,SANDKVYTVEKADNF,MACFA,Uniprot,STE
,PAK1,P00949,467,T,SANDKVYTVEKADNF,RABIT,Uniprot,STE
,PAK2,A7E3S4,338,S,RPRGQRDSSYYWEIE,BOVIN,Uniprot,STE
,PAK3,A7E3S4,338,S,RPRGQRDSSYYWEIE,BOVIN,Uniprot,STE
,PAK5,A7E3S4,338,S,RPRGQRDSSYYWEIE,BOVIN,Uniprot,STE
,PAK2,A7E3S4,339,S,PRGQRDSSYYWEIEA,BOVIN,Uniprot,STE
,PAK3,A7E3S4,339,S,PRGQRDSSYYWEIEA,BOVIN,Uniprot,STE
,PAK1,Q5R5M7,338,S,RPRGQRDSSYYWEIE,PONAB,Uniprot,STE
,PAK2,Q5R5M7,338,S,RPRGQRDSSYYWEIE,PONAB,Uniprot,STE
,PAK3,Q5R5M7,338,S,RPRGQRDSSYYWEIE,PONAB,Uniprot,STE
,PAK5,Q5R5M7,338,S,RPRGQRDSSYYWEIE,PONAB,Uniprot,STE
,PAK1,Q5R5M7,339,S,PRGQRDSSYYWEIEA,PONAB,Uniprot,STE
,PAK2,Q5R5M7,339,S,PRGQRDSSYYWEIEA,PONAB,Uniprot,STE
,PAK3,Q5R5M7,339,S,PRGQRDSSYYWEIEA,PONAB,Uniprot,STE
,PASK,Q5E995,235,S,IAKRRRLSSLRASTS,BOVIN,Uniprot,STE
,PASK,Q5E995,236,S,AKRRRLSSLRASTSK,BOVIN,Uniprot,STE
,PASK,Q4R4K6,235,S,IAKRRRLSSLRASTS,MACFA,Uniprot,STE
,PASK,Q4R4K6,236,S,AKRRRLSSLRASTSK,MACFA,Uniprot,STE
,PAK1,Q5RA03,101,S,NKTLKRISMLYMAKL,PONAB,Uniprot,STE
,PAK1,Q5RA03,249,S,QNKLKRQSHLLLQSS,PONAB,Uniprot,STE
,TNIK,Q1JQA2,322,T,SNVNRNSTIENTRRH,BOVIN,Uniprot,STE
,TNIK,P97588,325,T,SNVNRNSTIENTRRH,RAT,Uniprot,STE
,MST3,A2VDV2,444,T,DWVFINYTYKRFEGL,BOVIN,Uniprot,STE
,MST3,Q5R8M1,444,T,DWVFINYTYKRFEGL,PONAB,Uniprot,STE
,PAK3,P08057,152,S,TLRRVRISADAMMQA,BOVIN,Uniprot,STE
,MST1,Q8MKD5,32,T,ANYRAYATEPHAKKK,CANLF,Uniprot,STE
,MST1,Q8MKD5,52,T,SRKLQLKTLMLQIAK,CANLF,Uniprot,STE
,MST1,Q8MKD5,130,T,ITEIADLTQKIFDLR,CANLF,Uniprot,STE
,MST1,Q8MKD5,144,T,RGKFKRPTLRRVRIS,CANLF,Uniprot,STE
,PAK3,Q8MKD5,151,S,TLRRVRISADAMMQA,CANLF,Uniprot,STE
,MST1,Q863B6,31,T,ANYRAYATEPHAKKK,FELCA,Uniprot,STE
,MST1,Q863B6,51,T,SRKLQLKTLMLQIAK,FELCA,Uniprot,STE
,MST1,Q863B6,129,T,ITEIADLTQKIFDLR,FELCA,Uniprot,STE
,MST1,Q863B6,143,T,RGKFKRPTLRRVRIS,FELCA,Uniprot,STE
,PAK3,Q863B6,150,S,TLRRVRISADAMMQA,FELCA,Uniprot,STE
,MST1,Q5PYI0,26,T,ANYRAYATEPHAKKK,HORSE,Uniprot,STE
,MST1,Q5PYI0,46,T,SRKLQLKTLMLQIAK,HORSE,Uniprot,STE
,MST1,Q5PYI0,138,T,RGKFKRPTLRRVRIS,HORSE,Uniprot,STE
,PAK3,Q5PYI0,145,S,TLRRVRISADAMMQA,HORSE,Uniprot,STE
,MST1,P02646,31,T,ANYRAYATEPHAKSK,RABIT,Uniprot,STE
,MST1,P02646,51,T,SRKLQLKTLMLQIAK,RABIT,Uniprot,STE
,MST1,P02646,129,T,ITEIADLTQKIFDLR,RABIT,Uniprot,STE
,MST1,P02646,143,T,RGKFKRPTLRLRVRI,RABIT,Uniprot,STE
,PAK3,P02646,151,S,LRLRVRISADAMMQA,RABIT,Uniprot,STE
,MST1,P23693,32,T,ANYRAYATEPHAKKK,RAT,Uniprot,STE
,MST1,P23693,52,T,SRKLQLKTLMLQIAK,RAT,Uniprot,STE
,MST1,P23693,130,T,ITEIADLTQKIYDLR,RAT,Uniprot,STE
,MST1,P23693,144,T,RGKFKRPTLRRVRIS,RAT,Uniprot,STE
,MAP4K1,P69722,96,T,WRKKRYSTQVDPELA,HV112,Uniprot,STE
,MAP4K1,P69722,165,S,KIKPPLPSVTKLTED,HV112,Uniprot,STE
,MAP4K1,O70897,96,T,WRLKRYSTQVEPGLA,HV190,Uniprot,STE
,MAP4K1,O70897,165,S,KIKPPLPSVRKLVED,HV190,Uniprot,STE
,MAP4K1,O12159,96,T,WRLRRYSTRVDPGLA,HV192,Uniprot,STE
,MAP4K1,O12159,165,S,KIKPPLPSVKKLVED,HV192,Uniprot,STE
,MAP4K1,O70887,96,T,WRQGRYRTQIDPGLA,HV193,Uniprot,STE
,MAP4K1,O70887,165,S,KTKPPLPSVQKLVED,HV193,Uniprot,STE
,MAP4K1,P0C1K5,96,T,WRLKRYRTQVEPDLA,HV196,Uniprot,STE
,MAP4K1,P0C1K5,165,S,RPKPPVPSVKKLVED,HV196,Uniprot,STE
,MAP4K1,P0C1K6,96,T,WRLKKYRTQVDPGLA,HV197,Uniprot,STE
,MAP4K1,P0C1K6,165,S,KTKPPVPSVQKLVED,HV197,Uniprot,STE
,MAP4K1,O41799,96,T,WRQKRYSTQIDPNTA,HV19N,Uniprot,STE
,MAP4K1,O41799,165,S,RKRPPLPSVGKLAED,HV19N,Uniprot,STE
,MAP4K1,P03402,96,T,WRKKKYSTQVDPGLA,HV1A2,Uniprot,STE
,MAP4K1,P03402,165,S,KTKPPLPSVKKLTED,HV1A2,Uniprot,STE
,MAP4K1,Q77374,96,T,WRYKKYKTQIDPETA,HV1AN,Uniprot,STE
,MAP4K1,Q77374,165,S,SRKPPLPSVQKLTED,HV1AN,Uniprot,STE
,MAP4K1,P69720,96,T,WRKKRYSTQVDPELA,HV1B1,Uniprot,STE
,MAP4K1,P69720,165,S,KIKPPLPSVTKLTED,HV1B1,Uniprot,STE
,MAP4K1,P04598,96,T,WRKRRYSTQVDPELA,HV1B5,Uniprot,STE
,MAP4K1,P04598,165,S,KVKPPLPSVTKLTED,HV1B5,Uniprot,STE
,MAP4K1,Q89428,96,T,WRKKRYSTQVDPGLA,HV1B9,Uniprot,STE
,MAP4K1,Q89428,165,S,RIKPPFPSVTKLTED,HV1B9,Uniprot,STE
,MAP4K1,P69721,96,T,WRKKRYSTQVDPELA,HV1BR,Uniprot,STE
,MAP4K1,P69721,165,S,KIKPPLPSVTKLTED,HV1BR,Uniprot,STE
,MAP4K1,P04597,96,T,WRKRRYSTQVDPGLA,HV1EL,Uniprot,STE
,MAP4K1,P04597,165,S,QIKPPLPSVRKLTED,HV1EL,Uniprot,STE
,MAP4K1,Q75003,96,T,WRLRSYNTQVDPGLA,HV1ET,Uniprot,STE
,MAP4K1,Q75003,165,S,KAKPPLPSVSKLVED,HV1ET,Uniprot,STE
,MAP4K1,P69723,96,T,WRKKRYSTQVDPELA,HV1H2,Uniprot,STE
,MAP4K1,P69723,165,S,KIKPPLPSVTKLTED,HV1H2,Uniprot,STE
,MAP4K1,P20877,96,T,WRTRRYSTQVDPDLA,HV1JR,Uniprot,STE
,MAP4K1,P20877,165,S,KIKPPLPSVKKLTED,HV1JR,Uniprot,STE
,MAP4K1,Q70623,96,T,WRKKRYSTQVDPELA,HV1LW,Uniprot,STE
,MAP4K1,P0C1L9,97,T,WRQKRYRTQVDPGLA,HV1M2,Uniprot,STE
,MAP4K1,P0C1L9,166,S,KIKPPLPSVRKLVED,HV1M2,Uniprot,STE
,MAP4K1,P04599,96,T,WRQKRYSTQLDPDLA,HV1MA,Uniprot,STE
,MAP4K1,P04599,165,S,KTRPPLPSVRKLTED,HV1MA,Uniprot,STE
,MAP4K1,P05898,96,T,WRKKRYSTQVDPDLA,HV1MN,Uniprot,STE
,MAP4K1,P05898,165,S,KIKPPLPSVKKLTED,HV1MN,Uniprot,STE
,MAP4K1,P0C1L8,97,T,WRQKRYRTQVDPDLA,HV1MP,Uniprot,STE
,MAP4K1,P0C1L8,166,S,KIKPPLPSVRKLVED,HV1MP,Uniprot,STE
,MAP4K1,Q79667,96,T,WQYKEYKTQIDPETA,HV1MV,Uniprot,STE
,MAP4K1,Q79667,165,S,RNKPPLPSVQRLTED,HV1MV,Uniprot,STE
,MAP4K1,P12504,96,T,WRKKRYSTQVDPDLA,HV1N5,Uniprot,STE
,MAP4K1,P12504,165,S,QIKPPLPSVRKLTED,HV1N5,Uniprot,STE
,MAP4K1,P31820,96,T,WRKKRYSTQVDPELA,HV1NA,Uniprot,STE
,MAP4K1,P31820,165,S,KIKPPLPSVTKLTED,HV1NA,Uniprot,STE
,MAP4K1,P18805,96,T,WRKRRYSTQVDPGLA,HV1ND,Uniprot,STE
,MAP4K1,P18805,165,S,KIKPPLPSVRKLTED,HV1ND,Uniprot,STE
,MAP4K1,P20890,96,T,WRKKRYSTQVDPGLA,HV1OY,Uniprot,STE
,MAP4K1,P20890,165,S,KIKPPLPSVTKLTED,HV1OY,Uniprot,STE
,MAP4K1,P05900,96,T,WRKRRYSTQVDPDLA,HV1RH,Uniprot,STE
,MAP4K1,P05900,165,S,KIKPPLPSVKKLTED,HV1RH,Uniprot,STE
,MAP4K1,Q9WC55,96,T,WRQRRYRTQVDPGLA,HV1S2,Uniprot,STE
,MAP4K1,Q9WC55,165,S,RRKPPLPSVQKLVED,HV1S2,Uniprot,STE
,MAP4K1,Q9WC64,96,T,WRRKRYRTQVDPGLA,HV1S9,Uniprot,STE
,MAP4K1,Q9WC64,165,S,RRKPPLPSVQKLVED,HV1S9,Uniprot,STE
,MAP4K1,P05899,13,T,WTKKRYSTQVDPDLA,HV1SC,Uniprot,STE
,MAP4K1,P05899,82,S,KTKPPLPSVRKLTED,HV1SC,Uniprot,STE
,MAP4K1,O89941,96,T,WRQRRYRTQVEPDLA,HV1SE,Uniprot,STE
,MAP4K1,O89941,165,S,RSRPPLPSVTELAED,HV1SE,Uniprot,STE
,MAP4K1,P24737,96,T,WRLKRYSTQVDPDLA,HV1U4,Uniprot,STE
,MAP4K1,P24737,165,S,RAKPPLPSVKKLTED,HV1U4,Uniprot,STE
,MAP4K1,Q9Q719,96,T,WRQERYSTQIDPDLA,HV1V9,Uniprot,STE
,MAP4K1,Q9Q719,165,S,RTKPPLPSVRKLVED,HV1V9,Uniprot,STE
,MAP4K1,Q9QSR2,96,T,WRQGKYRTQIDPGLA,HV1VI,Uniprot,STE
,MAP4K1,Q9QSR2,165,S,KTKPPLPSVQKLVED,HV1VI,Uniprot,STE
,MAP4K1,P35964,96,T,WRKKRYSTQVDPDLA,HV1Y2,Uniprot,STE
,MAP4K1,P35964,165,S,KTKPPLPSVKKLTED,HV1Y2,Uniprot,STE
,MAP4K1,Q9IDV7,96,T,WRQGKYKTQVDPEMA,HV1YB,Uniprot,STE
,MAP4K1,Q9IDV7,165,S,KRRPPLPSVTKLTED,HV1YB,Uniprot,STE
,MAP4K1,O91081,96,T,WRLRKYKTQVDPEMA,HV1YF,Uniprot,STE
,MAP4K1,O91081,165,S,KRKPPLPSVTKLTED,HV1YF,Uniprot,STE
,MAP4K1,P12503,96,T,WRKRRYSTQVDPGLA,HV1Z2,Uniprot,STE
,MAP4K1,P12503,165,S,KIKPPLPSVRKLTED,HV1Z2,Uniprot,STE
,MAP4K1,P04596,96,T,WRKRRYSTQVDPGLA,HV1Z6,Uniprot,STE
,MAP4K1,P04596,165,S,KIKPPLPSVRKLTED,HV1Z6,Uniprot,STE
,MAP4K1,P18097,98,T,WYTEKFWTDVTPDCA,HV2BE,Uniprot,STE
,MAP4K1,P24108,98,T,WYTEKFWTDVTPDCA,HV2CA,Uniprot,STE
,MAP4K1,P17758,98,T,WYTEKFWTDVTPDCA,HV2D1,Uniprot,STE
,MAP4K1,P15834,98,T,WYERNFYTDVTPDVA,HV2D2,Uniprot,STE
,MAP4K1,Q89753,98,T,WYERSFYTDVTPDVA,HV2EH,Uniprot,STE
,MAP4K1,P18043,98,T,WYTERFWTDVTPDYA,HV2G1,Uniprot,STE
,MAP4K1,Q74121,98,T,WYTERFWTDVTPDCA,HV2KR,Uniprot,STE
,MAP4K1,P05901,98,T,WYTEKFWTDVTPDCA,HV2NZ,Uniprot,STE
,MAP4K1,P04595,98,T,WYTEKFWTDVTPDCA,HV2RO,Uniprot,STE
,MAP4K1,P12452,98,T,WYSEGFWTDVTPDCA,HV2SB,Uniprot,STE
,MAP4K1,P20878,98,T,WYTEKFWTDVTPDCA,HV2ST,Uniprot,STE
,MAP4K1,Q76635,98,T,WYKRSFYTDVTPDVA,HV2UC,Uniprot,STE
,MAP4K1,Q1A248,96,T,WRQGIYRTQIDPELA,SIVEK,Uniprot,STE
,MAP4K1,Q1A248,165,S,KRRPPLPSVTKLTED,SIVEK,Uniprot,STE
,MAP4K1,Q1A266,96,T,WRQRSYRTQIDPDLA,SIVMB,Uniprot,STE
,MAP4K1,Q1A266,165,S,PRRPPLPSVRKLAED,SIVMB,Uniprot,STE
,MAP4K1,Q8AII0,97,T,WRQGKYSTQIDPETA,SIVTN,Uniprot,STE
,MAP4K1,Q8AII0,171,S,GPRRPLPSVTKLTED,SIVTN,Uniprot,STE
,PAK_GROUP,P04049,338,S,RPRGQRDSSYYWEIE,HUMAN,PhosphoELM,STE
,PAK_GROUP,P04049,338,S,RPRGQRDSSYYWEIE,HUMAN,PhosphoELM,STE
,PAK_GROUP,P08670,39,S,TTSTRTYSLGSALRP,HUMAN,PhosphoELM,STE
,PAK_GROUP,P08670,26,S,GTASRPSSSRSYVTT,HUMAN,PhosphoELM,STE
,PAK_GROUP,P08670,51,S,LRPSTSRSLYASSPG,HUMAN,PhosphoELM,STE
,PAK_GROUP,P08670,73,S,SAVRLRSSVPGVRLL,HUMAN,PhosphoELM,STE
,PAK_GROUP,P08670,66,S,GVYATRSSAVRLRSS,HUMAN,PhosphoELM,STE
,PAK_GROUP,P08670,56,S,SRSLYASSPGGVYAT,HUMAN,PhosphoELM,STE
,PAK_GROUP,P08670,56,S,SRSLYASSPGGVYAT,HUMAN,PhosphoELM,STE
,PAK_GROUP,P17600,605,S,AGPTRQASQAGPVPR,HUMAN,PhosphoELM,STE
,MAP2K_GROUP,P27361,204,Y,HTGFLTEYVATRWYR,HUMAN,PhosphoELM,STE
,MAP2K_GROUP,P27361,202,T,HDHTGFLTEYVATRW,HUMAN,PhosphoELM,STE
,MAP2K_GROUP,P28482,185,T,HDHTGFLTEYVATRW,HUMAN,PhosphoELM,STE
,MAP2K_GROUP,P45984,404,T,SSMSTEQTLASDTDS,HUMAN,PhosphoELM,STE
,MAP2K_GROUP,P45984,407,S,STEQTLASDTDSSLD,HUMAN,PhosphoELM,STE
,MAP2K_GROUP,Q02750,25,S,SAVNGTSSAETNLEA,HUMAN,PhosphoELM,STE
,MAP2K_GROUP,Q02750,298,S,RTPGRPLSSYGMDSR,HUMAN,PhosphoELM,STE
,MAP2K_GROUP,Q02750,24,S,GSAVNGTSSAETNLE,HUMAN,PhosphoELM,STE
,MAP2K_GROUP,Q02750,218,S,VSGQLIDSMANSFVG,HUMAN,PhosphoELM,STE
,MAP2K_GROUP,Q02750,23,T,DGSAVNGTSSAETNL,HUMAN,PhosphoELM,STE
,MAP2K_GROUP,Q16539,180,T,RHTDDEMTGYVATRW,HUMAN,PhosphoELM,STE
,MAP2K_GROUP,Q16539,182,Y,TDDEMTGYVATRWYR,HUMAN,PhosphoELM,STE
,MAP2K_GROUP,P53779,221,T,AGTSFMMTPYVVTRY,HUMAN,PhosphoELM,STE
,PAK_GROUP,P35240,518,S,DTDMKRLSMEIEKEK,HUMAN,PhosphoELM,STE
,PAK3,P12957,672,S,EGVRNIKSMWEKGNV,CHICK,PhosphoELM,STE
,PAK3,P12957,702,S,GLKVGVSSRINEWLT,CHICK,PhosphoELM,STE
,PAK,P40423,22,S,KRAQRATSNVFAMFD,DROME,PhosphoELM,STE
,PAK,P40423,22,S,KRAQRATSNVFAMFD,DROME,PhosphoELM,STE
NAN,MAP2K6,Q9I958,181,T,RLTDDEMTGYVATRW,CYPRINUS CARPIO,GPS,STE
NAN,MAP2K6,Q9I958,183,Y,TDDEMTGYVATRWYR,CYPRINUS CARPIO,GPS,STE
NAN,MAP2K6,Q90336,181,T,RHTDDEMTGYVATRW,CYPRINUS CARPIO,GPS,STE
NAN,MAP2K6,Q90336,183,Y,TDDEMTGYVATRWYR,CYPRINUS CARPIO,GPS,STE
NAN,MAP2K-FAMILY,Q02750,298,S,RTPGRPLSSYGMDSR,HOMO SAPIENS,GPS,STE
NAN,MAP2K-FAMILY,Q02750,24,S,GSAVNGTSSAETNLE,HOMO SAPIENS,GPS,STE
NAN,MAP2K-FAMILY,P27361,202,T,HDHTGFLTEYVATRW,HOMO SAPIENS,GPS,STE
NAN,MAP2K-FAMILY,Q14164,172,S,DDDEKFVSVYGTEEY,HOMO SAPIENS,GPS,STE
NAN,MAP2K-FAMILY,Q16539,182,Y,TDDEMTGYVATRWYR,HOMO SAPIENS,GPS,STE
NAN,MAP2K-FAMILY,Q02750,218,S,VSGQLIDSMANSFVG,HOMO SAPIENS,GPS,STE
NAN,MAP2K-FAMILY,Q16539,180,T,RHTDDEMTGYVATRW,HOMO SAPIENS,GPS,STE
NAN,MAP2K-FAMILY,Q9HCC9,870,T,VKPVRVCTHCYMFHV,HOMO SAPIENS,GPS,STE
NAN,MAP2K-FAMILY,P45984,407,S,STEQTLASDTDSSLD,HOMO SAPIENS,GPS,STE
NAN,MAP2K-FAMILY,P53779,221,T,AGTSFMMTPYVVTRY,HOMO SAPIENS,GPS,STE
NAN,MAP2K-FAMILY,P45984,404,T,SSMSTEQTLASDTDS,HOMO SAPIENS,GPS,STE
NAN,MAP2K-FAMILY,Q9UHD2,172,S,EDDEQFVSLYGTEEY,HOMO SAPIENS,GPS,STE
NAN,MAP2K-FAMILY,P28482,185,T,HDHTGFLTEYVATRW,HOMO SAPIENS,GPS,STE
NAN,MAP2K-FAMILY,Q02750,25,S,SAVNGTSSAETNLEA,HOMO SAPIENS,GPS,STE
NAN,MAP2K-FAMILY,Q9HCC9,586,S,ERLREKCSPGGVIGA,HOMO SAPIENS,GPS,STE
NAN,MAP2K-FAMILY,Q02750,23,T,DGSAVNGTSSAETNL,HOMO SAPIENS,GPS,STE
NAN,MAP2K-FAMILY,P27361,204,Y,HTGFLTEYVATRWYR,HOMO SAPIENS,GPS,STE
NAN,OXSR1,P55013,179,T,YYDTHTNTYYLRTFG,SQUALUS ACANTHIAS,GPS,STE
NAN,OXSR1,P55013,175,T,GAHHYYDTHTNTYYL,SQUALUS ACANTHIAS,GPS,STE
NAN,OXSR1,P55013,184,T,TNTYYLRTFGHNTID,SQUALUS ACANTHIAS,GPS,STE
NAN,PAK1,Q91820,349,S,QETYRRISKVEFQYP,XENOPUS LAEVIS,GPS,STE
NAN,PAKB,Q869N2,8,S,MEQSKRVSMMREKFE,DICTYOSTELIUM DISCOIDEUM,GPS,STE
NAN,STK10,P70032,10,T,QVAGKKLTVAPEAAK,XENOPUS LAEVIS,GPS,STE
NAN,STK39,P55013,179,T,YYDTHTNTYYLRTFG,SQUALUS ACANTHIAS,GPS,STE
NAN,STK39,P55013,184,T,TNTYYLRTFGHNTID,SQUALUS ACANTHIAS,GPS,STE
NAN,STK39,P55013,175,T,GAHHYYDTHTNTYYL,SQUALUS ACANTHIAS,GPS,STE
NAN,STK4,A4K2Y1,183,T,DTMAKRNTVIGTPFW,CHLOROCEBUS AETHIOPS,GPS,STE
NAN,STK4,A4K2M3,183,T,DTMAKRNTVIGTPFW,PAPIO ANUBIS,GPS,STE
NAN,STK4,A4K2W5,183,T,DTMAKRNTVIGTPFW,AOTUS NANCYMAAE,GPS,STE
NAN,STK4,A4K2P5,183,T,DTMAKRNTVIGTPFW,COLOBUS GUEREZA,GPS,STE
NAN,STK4,A4K2S1,183,T,DTMAKRNTVIGTPFW,LEMUR CATTA,GPS,STE
A0A0G2K490,TNIK,P97588,325,T,SNVNRNSTIENTRRH,RATTUS NORVEGICUS,GPS,STE
A0A0G2K7W4,MAP4K4,P97588,325,T,SNVNRNSTIENTRRH,RATTUS NORVEGICUS,GPS,STE
B1H230,MAP2K3,Q63538,183,T,RQADSEMTGYVVTRW,RATTUS NORVEGICUS,GPS,STE
B1H230,MAP2K3,Q63538,185,Y,ADSEMTGYVVTRWYR,RATTUS NORVEGICUS,GPS,STE
B5DF62,PAK4,Q157S1,215,S,KAGSRPKSCEVPGIN,RAT,PSP,STE
P27636,CDC15,P22204,374,S,KEINYANSMVGSPDY,YEAST,Uniprot,STE
P27636,CDC15,P22204,544,T,SSKLVGFTFRHRNGK,YEAST,Uniprot,STE
P48562,CLA4,P32944,111,S,DSRIKRWSPFHENES,YEAST,Uniprot,STE
P48562,CLA4,P32944,136,S,EKTNSPISLKQWNQR,YEAST,Uniprot,STE
P48562,CLA4,P32944,312,S,KIKRARNSVILKNRE,YEAST,Uniprot,STE
P48562,CLA4,P32944,379,S,STPTRRKSIIGATSQ,YEAST,Uniprot,STE
P48562,CLA4,P32944,395,S,HRESRPLSLSSAIVT,YEAST,Uniprot,STE
P48562,CLA4,P32944,438,S,KLSANPDSHLFEKFT,YEAST,Uniprot,STE
P48562,CLA4,P32944,688,T,ESLFSDITKVDTNDL,YEAST,Uniprot,STE
P48562,CLA4,C7GVI6,357,S,SHGMKRGSVYHVPLN,SACCHAROMYCES CEREVISIAE,GPS,STE
D3ZUC9,OSR1,P55018,58,T,LRTFGYNTIDVVPAY,RAT,PSP,STE
D3ZUC9,OXSR1,P55018,58,T,LRTFGYNTIDVVPAY,RATTUS NORVEGICUS,GPS,STE
E1BIS8,TNIK,Q1JQA2,322,T,SNVNRNSTIENTRRH,BOS TAURUS,GPS,STE
F1MI60,MAP4K4,Q1JQA2,322,T,SNVNRNSTIENTRRH,BOS TAURUS,GPS,STE
F6Q3P6,MINK1,Q1JQA2,322,T,SNVNRNSTIENTRRH,BOS TAURUS,GPS,STE
G1SVV6,MAP2K1,P29678,23,T,DGSAVNGTSSAETNL,ORYCTOLAGUS CUNICULUS,GPS,STE
G1SVV6,MAP2K1,P29678,24,S,GSAVNGTSSAETNLE,ORYCTOLAGUS CUNICULUS,GPS,STE
G1SVV6,MAP2K1,P29678,25,S,SAVNGTSSAETNLEA,ORYCTOLAGUS CUNICULUS,GPS,STE
G1SVV6,MAP2K1,P29678,299,S,TPGRPLSSYGMDSRP,ORYCTOLAGUS CUNICULUS,GPS,STE
G1SVV6,MAP2K1,P29678,218,S,VSGQLIDSMANSFVG,ORYCTOLAGUS CUNICULUS,GPS,STE
G5EEN4,GCK-3,Q9BMK9,742,S,TIGDIFRSITHLSFG,CAEEL,Uniprot,STE
G5EEN4,GCK-3,Q9BMK9,747,S,FRSITHLSFGRQNFP,CAEEL,Uniprot,STE
Q24K22,MST1,E1BPQ1,182,S,SSAGWKNSIRHNLSL,BOVIN,Uniprot,STE
Q24K22,MST1,Q2M2T1,15,S,APAPKKGSKKAVTKA,BOVIN,Uniprot,STE
Q24K22,MST1,Q32L48,15,S,APAPKKGSKKAVTKA,BOVIN,Uniprot,STE
Q24K22,MST1,P62808,15,S,APAPKKGSKKAVTKA,BOVIN,Uniprot,STE
Q24K22,MST1,P08057,33,T,ANYRAYATEPHAKKK,BOVIN,Uniprot,STE
Q24K22,MST1,P08057,53,T,SRKLQLKTLMLQIAK,BOVIN,Uniprot,STE
Q24K22,MST1,P08057,145,T,RGKFKRPTLRRVRIS,BOVIN,Uniprot,STE
P26927,MST1,P10275,651,S,GEASSTTSPTEETTQ,HUMAN,Uniprot,STE
P26927,MST1,Q12778,212,S,SSAGWKNSIRHNLSL,HUMAN,Uniprot,STE
P26927,MST1,Q12778,218,S,NSIRHNLSLHSKFIR,HUMAN,Uniprot,STE
P26927,MST1,Q12778,234,S,QNEGTGKSSWWMLNP,HUMAN,Uniprot,STE
P26927,MST1,Q12778,235,S,NEGTGKSSWWMLNPE,HUMAN,Uniprot,STE
P26927,MST1,O43524,209,S,SSAGWKNSIRHNLSL,HUMAN,Uniprot,STE
P26927,MST1,P33778,15,S,APAPKKGSKKAITKA,HUMAN,Uniprot,STE
P26927,MST1,P62807,15,S,APAPKKGSKKAVTKA,HUMAN,Uniprot,STE
P26927,MST1,P58876,15,S,APAPKKGSKKAVTKA,HUMAN,Uniprot,STE
P26927,MST1,Q93079,15,S,APAPKKGSKKAVTKA,HUMAN,Uniprot,STE
P26927,MST1,P06899,15,S,APAPKKGSKKAVTKA,HUMAN,Uniprot,STE
P26927,MST1,O60814,15,S,APAPKKGSKKAVTKA,HUMAN,Uniprot,STE
P26927,MST1,Q99880,15,S,APAPKKGSKKAVTKA,HUMAN,Uniprot,STE
P26927,MST1,Q99879,15,S,APVPKKGSKKAINKA,HUMAN,Uniprot,STE
P26927,MST1,Q99877,15,S,APAPKKGSKKAVTKA,HUMAN,Uniprot,STE
P26927,MST1,P23527,15,S,APAPKKGSKKAVTKA,HUMAN,Uniprot,STE
P26927,MST1,Q6DN03,15,S,APAPKKGSKKAVTKA,HUMAN,Uniprot,STE
P26927,MST1,Q6DRA6,15,S,APAPKKGSKKAVTKA,HUMAN,Uniprot,STE
P26927,MST1,Q16778,15,S,APAPKKGSKKAVTKA,HUMAN,Uniprot,STE
P26927,MST1,Q5QNW6,15,S,APAPKKGSKKAVTKV,HUMAN,Uniprot,STE
P26927,MST1,Q8N257,15,S,APAPKKGSKKAVTKA,HUMAN,Uniprot,STE
P26927,MST1,P57053,15,S,APAPKKGSKKAVTKA,HUMAN,Uniprot,STE
P26927,MST1,Q7L9L4,12,T,FGSRSSKTFKPKKNI,HUMAN,Uniprot,STE
P26927,MST1,Q7L9L4,35,T,LLKHAEATLGSGNLR,HUMAN,Uniprot,STE
P26927,MST1,P19429,31,T,SNYRAYATEPHAKKK,HUMAN,Uniprot,STE
P26927,MST1,P19429,51,T,SRKLQLKTLLLQIAK,HUMAN,Uniprot,STE
P26927,MST1,P19429,129,T,ITEIADLTQKIFDLR,HUMAN,Uniprot,STE
P26927,MST1,P19429,143,T,RGKFKRPTLRRVRIS,HUMAN,Uniprot,STE
P26928,MST1,Q9R1E0,209,S,SSAGWKNSIRHNLSL,MOUSE,Uniprot,STE
P26928,MST1,Q64475,15,S,APAPKKGSKKAISKA,MOUSE,Uniprot,STE
P26928,MST1,Q6ZWY9,15,S,APAPKKGSKKAVTKA,MOUSE,Uniprot,STE
P26928,MST1,P10853,15,S,APAPKKGSKKAVTKA,MOUSE,Uniprot,STE
P26928,MST1,Q64478,15,S,APAPKKGSKKALTKA,MOUSE,Uniprot,STE
P26928,MST1,Q8CGP1,15,S,APAPKKGSKKAVTKA,MOUSE,Uniprot,STE
P26928,MST1,P10854,15,S,APAPKKGSKKAVTKA,MOUSE,Uniprot,STE
P26928,MST1,Q8CGP2,15,S,VPAPKKGSKKAVTKA,MOUSE,Uniprot,STE
P26928,MST1,Q64525,15,S,APAPKKGSKKAVTKV,MOUSE,Uniprot,STE
P26928,MST1,Q64524,15,S,APAPKKGSKKAVTKA,MOUSE,Uniprot,STE
P26928,MST1,Q9D2U9,15,S,TPAPKKGSKKAITKA,MOUSE,Uniprot,STE
P26928,MST1,Q8CGP0,15,S,APAPKKGSKKAVTKA,MOUSE,Uniprot,STE
P26928,MST1,Q8BPB0,12,T,FGSRSSKTFKPKKNI,MOUSE,Uniprot,STE
P26928,MST1,Q8BPB0,35,T,LLKHAEATLGSGNLR,MOUSE,Uniprot,STE
P26928,MST1,P48787,32,T,ANYRAYATEPHAKKK,MOUSE,Uniprot,STE
P26928,MST1,P48787,52,T,SRKLQLKTLMLQIAK,MOUSE,Uniprot,STE
P26928,MST1,P48787,130,T,ITEIADLTQKIYDLR,MOUSE,Uniprot,STE
P26928,MST1,P48787,144,T,RGKFKRPTLRRVRIS,MOUSE,Uniprot,STE
Q13233,MEKK1,Q8NHW3,14,S,MGAELPSSPLAIEYV,HUMAN,PSP,STE
Q13233,MEKK1,O14733,275,T,LVDSKAKTRSAGCAA,HUMAN,PSP,STE
Q13233,MEKK1,P31938,292,T,ETPPRPRTPGRPLSS,HUMAN,PSP,STE
Q13233,MEKK1,O14733,271,S,ISGRLVDSKAKTRSA,HUMAN,PSP,STE
Q13233,MEKK1,P46531,2511,T,VPEHPFLTPSPESPD,HUMAN,PSP,STE
Q13233,MEKK1,Q13158,194,S,QNRSGAMSPMSWNSD,HUMAN,PSP,STE
Q13233,MEKK1,Q8NHW3,65,S,PCSSVPSSPSFCAPS,HUMAN,PSP,STE
Q13233,M3K1,O14733,275,T,LVDSKAKTRSAGCAA,HUMAN,PhosphoELM,STE
Q13233,M3K1,O14733,271,S,ISGRLVDSKAKTRSA,HUMAN,PhosphoELM,STE
Q13233,MAP3K1,Q13158,194,S,QNRSGAMSPMSWNSD,HOMO SAPIENS,GPS,STE
Q13233,MAP3K1,O14733,275,T,LVDSKAKTRSAGCAA,HOMO SAPIENS,GPS,STE
Q13233,MAP3K1,O14733,271,S,ISGRLVDSKAKTRSA,HOMO SAPIENS,GPS,STE
Q13233,MAP3K1,Q8NHW3,65,S,PCSSVPSSPSFCAPS,HOMO SAPIENS,GPS,STE
Q13233,MAP3K1,Q8NHW3,14,S,MGAELPSSPLAIEYV,HOMO SAPIENS,GPS,STE
Q13233,MAP3K1,P31938,292,T,ETPPRPRTPGRPLSS,HOMO SAPIENS,GPS,STE
Q13233,MAP3K1,P46531,2511,T,VPEHPFLTPSPESPD,HOMO SAPIENS,GPS,STE
P53349,MEKK1,Q01986,218,S,VSGQLIDSMANSFVG,MOUSE,PSP,STE
P53349,MEKK1,P53349,1393,T,FQGQLLGTIAFMAPE,MOUSE,PSP,STE
P53349,MEKK1,P53349,1381,T,ARLASKGTGAGEFQG,MOUSE,PSP,STE
P53349,MEKK1,P42227,727,S,NTIDLPMSPRTLDSL,MOUSE,PSP,STE
P53349,MEKK1,Q01986,222,S,LIDSMANSFVGTRSY,MOUSE,PSP,STE
P53349,M3K1,P31938,292,T,ETPPRPRTPGRPLSS,MOUSE,PhosphoELM,STE
P53349,M3K1,P53349,1393,T,FQGQLLGTIAFMAPE,MOUSE,PhosphoELM,STE
P53349,M3K1,P53349,1381,T,ARLASKGTGAGEFQG,MOUSE,PhosphoELM,STE
P53349,MAP3K1,P53349,1393,T,FQGQLLGTIAFMAPE,MUS MUSCULUS,GPS,STE
P53349,MAP3K1,Q01986,222,S,LIDSMANSFVGTRSY,MUS MUSCULUS,GPS,STE
P53349,MAP3K1,Q01986,218,S,VSGQLIDSMANSFVG,MUS MUSCULUS,GPS,STE
P53349,MAP3K1,P42227,727,S,NTIDLPMSPRTLDSL,MUS MUSCULUS,GPS,STE
P53349,MAP3K1,P53349,1381,T,ARLASKGTGAGEFQG,MUS MUSCULUS,GPS,STE
Q62925,MEKK1,P31938,292,T,ETPPRPRTPGRPLSS,RAT,PSP,STE
Q62925,MAP3K1,Q62925,1393,T,FQGQLLGTIAFMAPE,RATTUS NORVEGICUS,GPS,STE
Q62925,MAP3K1,Q62925,1381,T,ARLASKGTGAGEFQG,RATTUS NORVEGICUS,GPS,STE
Q99558,MAP3K14,O15111,176,S,AKDVDQGSLCTSFVG,HUMAN,Uniprot,STE
Q99558,MAP3K14,Q00653,866,S,TAEVKEDSAYGSQSV,HUMAN,Uniprot,STE
Q99558,MAP3K14,Q00653,870,S,KEDSAYGSQSVEQEA,HUMAN,Uniprot,STE
Q99558,NIK,Q01147,128,S,RKILNDLSSDAPGVP,HUMAN,PSP,STE
Q99558,NIK,O15111,176,S,AKDVDQGSLCTSFVG,HUMAN,PSP,STE
Q99558,NIK,Q01147,100,S,ESEDSQESVDSVTDS,HUMAN,PSP,STE
Q99558,NIK,Q00653,870,S,KEDSAYGSQSVEQEA,HUMAN,PSP,STE
Q99558,NIK,P25963,32,S,LLDDRHDSGLDSMKD,HUMAN,PSP,STE
Q99558,NIK,P61160,238,T,QKLALETTVLVESYT,HUMAN,PSP,STE
Q99558,NIK,O35763,558,T,LGRDKYKTLRQIRQG,HUMAN,PSP,STE
Q99558,NIK,P25963,36,S,RHDSGLDSMKDEEYE,HUMAN,PSP,STE
Q99558,NIK,P61160,202,Y,KLLLLRGYAFNHSAD,HUMAN,PSP,STE
Q99558,NIK,P61160,237,T,EQKLALETTVLVESY,HUMAN,PSP,STE
Q99558,NIK,O14920,177,S,AKELDQGSLCTSFVG,HUMAN,PSP,STE
Q99558,NIK,O14920,181,S,DQGSLCTSFVGTLQY,HUMAN,PSP,STE
Q99558,NIK,P31977,567,T,QGRDKYKTLRQIRQG,HUMAN,PSP,STE
Q99558,NIK,O15111,180,S,DQGSLCTSFVGTLQY,HUMAN,PSP,STE
Q99558,NIK,Q00653,866,S,TAEVKEDSAYGSQSV,HUMAN,PSP,STE
Q99558,M3K14,Q00653,866,S,TAEVKEDSAYGSQSV,HUMAN,PhosphoELM,STE
Q99558,M3K14,Q00653,870,S,KEDSAYGSQSVEQEA,HUMAN,PhosphoELM,STE
Q99558,MAP3K14,P61160,202,Y,KLLLLRGYAFNHSAD,HOMO SAPIENS,GPS,STE
Q99558,MAP3K14,P25963,32,S,LLDDRHDSGLDSMKD,HOMO SAPIENS,GPS,STE
Q99558,MAP3K14,P61160,237,T,EQKLALETTVLVESY,HOMO SAPIENS,GPS,STE
Q99558,MAP3K14,Q01147,142,S,RKILNDLSSDAPGVP,HOMO SAPIENS,GPS,STE
Q99558,MAP3K14,O35763,558,T,LGRDKYKTLRQIRQG,HOMO SAPIENS,GPS,STE
Q99558,MAP3K14,P25963,36,S,RHDSGLDSMKDEEYE,HOMO SAPIENS,GPS,STE
Q99558,MAP3K14,P31977,567,T,QGRDKYKTLRQIRQG,HOMO SAPIENS,GPS,STE
Q99558,MAP3K14,O15111,180,S,DQGSLCTSFVGTLQY,HOMO SAPIENS,GPS,STE
Q99558,MAP3K14,P61160,238,T,QKLALETTVLVESYT,HOMO SAPIENS,GPS,STE
Q99558,MAP3K14,O14920,177,S,AKELDQGSLCTSFVG,HOMO SAPIENS,GPS,STE
Q99558,MAP3K14,O14920,181,S,DQGSLCTSFVGTLQY,HOMO SAPIENS,GPS,STE
Q99558,MAP3K14,Q01147,114,S,ESEDSQESVDSVTDS,HOMO SAPIENS,GPS,STE
Q9WUL6,MAP3K14,Q60680,176,S,AKDVDQGSLCTSFVG,MOUSE,Uniprot,STE
Q9WUL6,MAP3K14,Q9WTK5,865,S,STEVKEDSAYGSQSV,MOUSE,Uniprot,STE
Q9WUL6,MAP3K14,Q9WTK5,869,S,KEDSAYGSQSVEQEA,MOUSE,Uniprot,STE
Q9WUL6,NIK,Q01147,119,S,EILSRRPSYRKILND,MOUSE,PSP,STE
Q9Y2U5,MEKK2,Q15208,74,T,SAHARKETEFLRLKR,HUMAN,PSP,STE
Q9Y2U5,MEKK2,P35222,675,S,QDYKKRLSVELTSSL,HUMAN,PSP,STE
Q9Y2U5,MEKK2,Q15208,91,S,LGLEDFESLKVIGRG,HUMAN,PSP,STE
Q9Y2U5,MEKK2,Q9ERK0,184,T,SMDGLFGTIAYLPPE,HUMAN,PSP,STE
Q9Y2U5,MEKK2,Q15208,243,T,GLKKAHRTEFYRNLN,HUMAN,PSP,STE
Q9Y2U5,MEKK2,Q15208,270,T,NSKRKAETWKRNRRQ,HUMAN,PSP,STE
Q9Y2U5,MEKK2,Q14653,173,S,PCPQPLRSPSLDNPT,HUMAN,PSP,STE
Q9Y2U5,MAP3K2,P45985,257,S,ISGQLVDSIAKTRDA,HOMO SAPIENS,GPS,STE
Q9Y2U5,MAP3K2,P45985,261,T,LVDSIAKTRDAGCRP,HOMO SAPIENS,GPS,STE
Q9Y2U5,MAP3K2,Q9ERK0,184,T,SMDGLFGTIAYLPPE,HOMO SAPIENS,GPS,STE
Q9Y2U5,MAP3K2,P35222,675,S,QDYKKRLSVELTSSL,HOMO SAPIENS,GPS,STE
Q9Y2U5,MAP3K2,Q14653,173,S,PCPQPLRSPSLDNPT,HOMO SAPIENS,GPS,STE
Q61083,MEKK2,Q61083,283,T,EYNDGRKTFPRARRT,MOUSE,PSP,STE
Q61083,MEKK2,Q02248,675,S,QDYKKRLSVELTSSL,MOUSE,PSP,STE
Q61083,MEKK2,Q61083,520,S,LSGTGMKSVTGTPYW,MOUSE,PSP,STE
Q61083,MAP3K2,Q61083,520,S,LSGTGMKSVTGTPYW,MUS MUSCULUS,GPS,STE
Q61083,MAP3K2,Q02248,675,S,QDYKKRLSVELTSSL,MUS MUSCULUS,GPS,STE
Q61083,MAP3K2,Q61083,283,T,EYNDGRKTFPRARRT,MUS MUSCULUS,GPS,STE
Q99759,MEKK3,P08151,201,S,PLEGDMSSPNSTGIQ,HUMAN,PSP,STE
Q99759,MEKK3,P08151,243,S,DCRWDGCSQEFDSQE,HUMAN,PSP,STE
Q99759,MEKK3,P53805,163,S,PDKQFLISPPASPPV,HUMAN,PSP,STE
Q99759,MEKK3,P53805,167,S,FLISPPASPPVGWKQ,HUMAN,PSP,STE
Q99759,MEKK3,P08151,1074,T,QRGSSGHTPPPSGPP,HUMAN,PSP,STE
Q99759,MEKK3,P08151,1078,S,SGHTPPPSGPPNMAV,HUMAN,PSP,STE
Q99759,MEKK3,Q9ERK0,184,T,SMDGLFGTIAYLPPE,HUMAN,PSP,STE
Q99759,MEKK3,P08151,968,S,SGSYPTPSPCHENFV,HUMAN,PSP,STE
Q99759,MEKK3,P08151,204,S,GDMSSPNSTGIQDPL,HUMAN,PSP,STE
Q99759,MAP3K3,P53805,167,S,FLISPPASPPVGWKQ,HOMO SAPIENS,GPS,STE
Q99759,MAP3K3,P08151,201,S,PLEGDMSSPNSTGIQ,HOMO SAPIENS,GPS,STE
Q99759,MAP3K3,P08151,968,S,SGSYPTPSPCHENFV,HOMO SAPIENS,GPS,STE
Q99759,MAP3K3,P45985,257,S,ISGQLVDSIAKTRDA,HOMO SAPIENS,GPS,STE
Q99759,MAP3K3,P08151,204,S,GDMSSPNSTGIQDPL,HOMO SAPIENS,GPS,STE
Q99759,MAP3K3,P45985,261,T,LVDSIAKTRDAGCRP,HOMO SAPIENS,GPS,STE
Q99759,MAP3K3,P08151,243,S,DCRWDGCSQEFDSQE,HOMO SAPIENS,GPS,STE
Q99759,MAP3K3,Q99759,526,S,MSGTGMRSVTGTPYW,HOMO SAPIENS,GPS,STE
Q99759,MAP3K3,P08151,1074,T,QRGSSGHTPPPSGPP,HOMO SAPIENS,GPS,STE
Q99759,MAP3K3,P53805,163,S,PDKQFLISPPASPPV,HOMO SAPIENS,GPS,STE
Q99759,MAP3K3,Q9ERK0,184,T,SMDGLFGTIAYLPPE,HOMO SAPIENS,GPS,STE
Q99759,MAP3K3,P08151,1078,S,SGHTPPPSGPPNMAV,HOMO SAPIENS,GPS,STE
Q61084,MEKK3,P46734,218,S,ISGYLVDSVAKTMDA,MOUSE,PSP,STE
Q61084,MAP3K3,P46734,218,S,ISGYLVDSVAKTMDA,MUS MUSCULUS,GPS,STE
Q9Y6R4,MEKK4,Q9Y6R4,1494,T,KLKNNAQTMPGEVNS,HUMAN,PSP,STE
Q9Y6R4,MAP3K4,Q9Y6R4,1494,T,KLKNNAQTMPGEVNS,HOMO SAPIENS,GPS,STE
Q99683,MAP3K5,Q5VWQ8,728,S,PSPARSSSYSEANEP,HUMAN,Uniprot,STE
Q99683,MAP3K5,O15530,394,S,QVSSSSSSHSLSASD,HUMAN,Uniprot,STE
Q99683,MAP3K5,O15530,398,S,SSSSHSLSASDTGLP,HUMAN,Uniprot,STE
Q99683,ASK1,Q8IUQ4,74,T,PKLTCCPTCRGPLGS,HUMAN,PSP,STE
Q99683,ASK1,Q99683,838,T,GINPCTETFTGTLQY,HUMAN,PSP,STE
Q99683,ASK1,Q9Y3F4,175,T,LWDHATMTEVKSLNF,HUMAN,PSP,STE
Q99683,ASK1,Q8IUQ4,239,T,RRLTWEATPRSIHEG,HUMAN,PSP,STE
Q99683,ASK1,Q8IUQ4,70,T,SNCRPKLTCCPTCRG,HUMAN,PSP,STE
Q99683,ASK1,P45983,185,Y,TSFMMTPYVVTRYYR,HUMAN,PSP,STE
Q99683,ASK1,Q99683,842,T,CTETFTGTLQYMAPE,HUMAN,PSP,STE
Q99683,ASK1,Q969S3,314,S,WCNEKGKSFYSTEAV,HUMAN,PSP,STE
Q99683,ASK1,Q15691,40,S,TKIEQLCSGAAYCQF,HUMAN,PSP,STE
Q99683,ASK1,O15530,398,S,SSSSHSLSASDTGLP,HUMAN,PSP,STE
Q99683,ASK1,P38936,98,S,GGRRPGTSPALLQGT,HUMAN,PSP,STE
Q99683,ASK1,Q8IUQ4,235,T,NGHRRRLTWEATPRS,HUMAN,PSP,STE
Q99683,ASK1,Q9UER7,176,S,TNAENTASQSPRTRG,HUMAN,PSP,STE
Q99683,ASK1,P46734,218,S,ISGYLVDSVAKTMDA,HUMAN,PSP,STE
Q99683,ASK1,P45983,183,T,AGTSFMMTPYVVTRY,HUMAN,PSP,STE
Q99683,ASK1,P52564,207,S,ISGYLVDSVAKTIDA,HUMAN,PSP,STE
Q99683,ASK1,Q16539,180,T,RHTDDEMTGYVATRW,HUMAN,PSP,STE
Q99683,ASK1,Q9Y3F4,179,S,ATMTEVKSLNFNMSV,HUMAN,PSP,STE
Q99683,ASK1,Q969S3,318,T,KGKSFYSTEAVQAHM,HUMAN,PSP,STE
Q99683,ASK1,Q9UER7,184,S,QSPRTRGSRRQIQRL,HUMAN,PSP,STE
Q99683,ASK1,Q15691,206,T,QVNVLKLTVEDLEKE,HUMAN,PSP,STE
Q99683,ASK1,Q15691,154,T,NKPKKPLTSSSAAPQ,HUMAN,PSP,STE
Q99683,ASK1,Q99683,813,T,GDNVLINTYSGVLKI,HUMAN,PSP,STE
Q99683,ASK1,P45985,261,T,LVDSIAKTRDAGCRP,HUMAN,PSP,STE
Q99683,ASK1,O15530,394,S,QVSSSSSSHSLSASD,HUMAN,PSP,STE
Q99683,ASK1,Q16539,182,Y,TDDEMTGYVATRWYR,HUMAN,PSP,STE
Q99683,ASK1,Q99683,966,S,NEYLRSISLPVPVLV,HUMAN,PSP,STE
Q99683,M3K5,P38936,98,S,GGRRPGTSPALLQGT,HUMAN,PhosphoELM,STE
Q99683,M3K5,Q99683,966,S,NEYLRSISLPVPVLV,HUMAN,PhosphoELM,STE
Q99683,M3K5,P45985,261,T,LVDSIAKTRDAGCRP,HUMAN,PhosphoELM,STE
Q99683,MAP3K5,P46734,218,S,ISGYLVDSVAKTMDA,HOMO SAPIENS,GPS,STE
Q99683,MAP3K5,Q15691,154,T,NKPKKPLTSSSAAPQ,HOMO SAPIENS,GPS,STE
Q99683,MAP3K5,Q9Y3F4,175,T,LWDHATMTEVKSLNF,HOMO SAPIENS,GPS,STE
Q99683,MAP3K5,Q969S3,314,S,WCNEKGKSFYSTEAV,HOMO SAPIENS,GPS,STE
Q99683,MAP3K5,Q99683,966,S,NEYLRSISLPVPVLV,HOMO SAPIENS,GPS,STE
Q99683,MAP3K5,P52564,207,S,ISGYLVDSVAKTIDA,HOMO SAPIENS,GPS,STE
Q99683,MAP3K5,Q99683,842,T,CTETFTGTLQYMAPE,HOMO SAPIENS,GPS,STE
Q99683,MAP3K5,P45983,185,Y,TSFMMTPYVVTRYYR,HOMO SAPIENS,GPS,STE
Q99683,MAP3K5,Q15691,206,T,QVNVLKLTVEDLEKE,HOMO SAPIENS,GPS,STE
Q99683,MAP3K5,Q969S3,318,T,KGKSFYSTEAVQAHM,HOMO SAPIENS,GPS,STE
Q99683,MAP3K5,Q9UER7,176,S,TNAENTASQSPRTRG,HOMO SAPIENS,GPS,STE
Q99683,MAP3K5,Q16539,182,Y,TDDEMTGYVATRWYR,HOMO SAPIENS,GPS,STE
Q99683,MAP3K5,Q99683,813,T,GDNVLINTYSGVLKI,HOMO SAPIENS,GPS,STE
Q99683,MAP3K5,Q15691,40,S,TKIEQLCSGAAYCQF,HOMO SAPIENS,GPS,STE
Q99683,MAP3K5,P45985,261,T,LVDSIAKTRDAGCRP,HOMO SAPIENS,GPS,STE
Q99683,MAP3K5,Q16539,180,T,RHTDDEMTGYVATRW,HOMO SAPIENS,GPS,STE
Q99683,MAP3K5,P38936,98,S,GGRRPGTSPALLQGT,HOMO SAPIENS,GPS,STE
Q99683,MAP3K5,Q9UER7,184,S,QSPRTRGSRRQIQRL,HOMO SAPIENS,GPS,STE
Q99683,MAP3K5,Q99683,838,T,GINPCTETFTGTLQY,HOMO SAPIENS,GPS,STE
Q99683,MAP3K5,P45983,183,T,AGTSFMMTPYVVTRY,HOMO SAPIENS,GPS,STE
Q99683,MAP3K5,Q9Y3F4,179,S,ATMTEVKSLNFNMSV,HOMO SAPIENS,GPS,STE
O35099,MAP3K5,Q3UHC7,728,S,PSPARSSSYSEANEP,MOUSE,Uniprot,STE
O35099,MAP3K5,Q9Z2A0,397,S,QVSSSSSSHSLSTVE,MOUSE,Uniprot,STE
O35099,MAP3K5,Q9Z2A0,401,S,SSSSHSLSTVETSLP,MOUSE,Uniprot,STE
O35099,ASK1,O08785,845,S,LPRHRTDSLTDPSKV,MOUSE,PSP,STE
O35099,ASK1,Q9CPV9,345,T,GGEPSEETPM*****,MOUSE,PSP,STE
O35099,ASK1,O08785,843,T,QQLPRHRTDSLTDPS,MOUSE,PSP,STE
O35099,ASK1,O35099,845,T,GINPCTETFTGTLQY,MOUSE,PSP,STE
O35099,M3K5,O35099,845,T,GINPCTETFTGTLQY,MOUSE,PhosphoELM,STE
O35099,MAP3K5,Q9CPV9,345,T,GGEPSEETPM*****,MUS MUSCULUS,GPS,STE
O35099,MAP3K5,O08785,845,S,LPRHRTDSLTDPSKV,MUS MUSCULUS,GPS,STE
O35099,MAP3K5,O08785,843,T,QQLPRHRTDSLTDPS,MUS MUSCULUS,GPS,STE
O35099,MAP3K5,O35099,849,T,CTETFTGTLQYMAPE,MUS MUSCULUS,GPS,STE
O35099,MAP3K5,O35099,845,T,GINPCTETFTGTLQY,MUS MUSCULUS,GPS,STE
O95382,MAP3K6,Q99683,838,T,GINPCTETFTGTLQY,HUMAN,Uniprot,STE
O95382,MEKK6,P45983,185,Y,TSFMMTPYVVTRYYR,HUMAN,PSP,STE
O95382,MEKK6,O35099,845,T,GINPCTETFTGTLQY,HUMAN,PSP,STE
O95382,MEKK6,P45983,183,T,AGTSFMMTPYVVTRY,HUMAN,PSP,STE
O95382,MEKK6,O95382,806,T,GITPCTETFTGTLQY,HUMAN,PSP,STE
O95382,MEKK6,Q16539,180,T,RHTDDEMTGYVATRW,HUMAN,PSP,STE
O95382,MEKK6,Q16539,182,Y,TDDEMTGYVATRWYR,HUMAN,PSP,STE
O95382,MAP3K6,P45983,185,Y,TSFMMTPYVVTRYYR,HOMO SAPIENS,GPS,STE
O95382,MAP3K6,O95382,806,T,GITPCTETFTGTLQY,HOMO SAPIENS,GPS,STE
O95382,MAP3K6,Q16539,182,Y,TDDEMTGYVATRWYR,HOMO SAPIENS,GPS,STE
O95382,MAP3K6,O35099,845,T,GINPCTETFTGTLQY,HOMO SAPIENS,GPS,STE
O95382,MAP3K6,Q16539,180,T,RHTDDEMTGYVATRW,HOMO SAPIENS,GPS,STE
O95382,MAP3K6,P45983,183,T,AGTSFMMTPYVVTRY,HOMO SAPIENS,GPS,STE
Q9WTR2,MAP3K6,O35099,845,T,GINPCTETFTGTLQY,MOUSE,Uniprot,STE
P41279,COT,P35241,564,T,AGRDKYKTLRQIRQG,HUMAN,PSP,STE
P41279,COT,P51432,537,S,TSLEPQKSLGEESLS,HUMAN,PSP,STE
P41279,COT,Q14653,180,T,SPSLDNPTPFPNLGP,HUMAN,PSP,STE
P41279,COT,P15311,567,T,QGRDKYKTLRQIRQG,HUMAN,PSP,STE
P41279,COT,P00519,735,T,DTEWRSVTLPRDLQS,HUMAN,PSP,STE
P41279,COT,Q02750,222,S,LIDSMANSFVGTRSY,HUMAN,PSP,STE
P41279,COT,Q15418,380,S,HQLFRGFSFVATGLM,HUMAN,PSP,STE
P41279,COT,P06493,161,T,GIPIRVYTHEVVTLW,HUMAN,PSP,STE
P41279,COT,Q02750,218,S,VSGQLIDSMANSFVG,HUMAN,PSP,STE
P41279,COT,P53350,137,S,LELCRRRSLLELHKR,HUMAN,PSP,STE
P41279,COT,Q14653,175,S,PQPLRSPSLDNPTPF,HUMAN,PSP,STE
P41279,COT,O14757,345,S,LVQGISFSQPTCPDH,HUMAN,PSP,STE
P41279,COT,P36507,222,S,VSGQLIDSMANSFVG,HUMAN,PSP,STE
P41279,COT,P06748,199,T,VKKSIRDTPAKNAQK,HUMAN,PSP,STE
P41279,COT,Q14653,123,S,DFSQPDTSPDTNGGG,HUMAN,PSP,STE
P41279,COT,P46734,218,S,ISGYLVDSVAKTMDA,HUMAN,PSP,STE
P41279,COT,P16220,119,S,EILSRRPSYRKILND,HUMAN,PSP,STE
P41279,COT,Q04637,1147,S,VVQRSSLSRERGEKA,HUMAN,PSP,STE
P41279,COT,P52564,207,S,ISGYLVDSVAKTIDA,HUMAN,PSP,STE
P41279,COT,Q13541,70,T,RNSPVTKTPPRDLPT,HUMAN,PSP,STE
P41279,COT,P53350,210,T,YDGERKKTLCGTPNY,HUMAN,PSP,STE
P41279,COT,P26038,558,T,LGRDKYKTLRQIRQG,HUMAN,PSP,STE
P41279,COT,Q14653,188,S,PFPNLGPSENPLKRL,HUMAN,PSP,STE
P41279,COT,P36507,226,S,LIDSMANSFVGTRSY,HUMAN,PSP,STE
P41279,COT,Q07174,443,S,EVLRRQRSLYIDLGA,HUMAN,PSP,STE
P41279,COT,P33778,32,S,DGKKRKRSRKESYSI,HUMAN,PSP,STE
P41279,COT,Q14653,173,S,PCPQPLRSPSLDNPT,HUMAN,PSP,STE
P41279,M3K8,Q02750,218,S,VSGQLIDSMANSFVG,HUMAN,PhosphoELM,STE
P41279,M3K8,Q02750,222,S,LIDSMANSFVGTRSY,HUMAN,PhosphoELM,STE
P41279,M3K8,P36507,222,S,VSGQLIDSMANSFVG,HUMAN,PhosphoELM,STE
P41279,M3K8,P36507,226,S,LIDSMANSFVGTRSY,HUMAN,PhosphoELM,STE
P41279,MAP3K8,P53350,137,S,LELCRRRSLLELHKR,HOMO SAPIENS,GPS,STE
P41279,MAP3K8,P26038,558,T,LGRDKYKTLRQIRQG,HOMO SAPIENS,GPS,STE
P41279,MAP3K8,P06493,161,T,GIPIRVYTHEVVTLW,HOMO SAPIENS,GPS,STE
P41279,MAP3K8,Q15418,380,S,HQLFRGFSFVATGLM,HOMO SAPIENS,GPS,STE
P41279,MAP3K8,Q02750,222,S,LIDSMANSFVGTRSY,HOMO SAPIENS,GPS,STE
P41279,MAP3K8,P16220,133,S,EILSRRPSYRKILND,HOMO SAPIENS,GPS,STE
P41279,MAP3K8,P36507,226,S,LIDSMANSFVGTRSY,HOMO SAPIENS,GPS,STE
P41279,MAP3K8,P51432,537,S,TSLEPQKSLGEESLS,HOMO SAPIENS,GPS,STE
P41279,MAP3K8,P36507,222,S,VSGQLIDSMANSFVG,HOMO SAPIENS,GPS,STE
P41279,MAP3K8,P33778,32,S,DGKKRKRSRKESYSI,HOMO SAPIENS,GPS,STE
P41279,MAP3K8,P06748,199,T,VKKSIRDTPAKNAQK,HOMO SAPIENS,GPS,STE
P41279,MAP3K8,Q02750,218,S,VSGQLIDSMANSFVG,HOMO SAPIENS,GPS,STE
P41279,MAP3K8,Q13541,70,T,RNSPVTKTPPRDLPT,HOMO SAPIENS,GPS,STE
P41279,MAP3K8,P52564,207,S,ISGYLVDSVAKTIDA,HOMO SAPIENS,GPS,STE
P41279,MAP3K8,P15311,567,T,QGRDKYKTLRQIRQG,HOMO SAPIENS,GPS,STE
P41279,MAP3K8,O14757,345,S,LVQGISFSQPTCPDH,HOMO SAPIENS,GPS,STE
P41279,MAP3K8,P35241,564,T,AGRDKYKTLRQIRQG,HOMO SAPIENS,GPS,STE
P41279,MAP3K8,Q04637,1147,S,VVQRSSLSRERGEKA,HOMO SAPIENS,GPS,STE
P41279,MAP3K8,P00519,735,T,DTEWRSVTLPRDLQS,HOMO SAPIENS,GPS,STE
P41279,MAP3K8,P46734,218,S,ISGYLVDSVAKTMDA,HOMO SAPIENS,GPS,STE
P41279,MAP3K8,P53350,210,T,YDGERKKTLCGTPNY,HOMO SAPIENS,GPS,STE
Q07174,COT,P51432,537,S,TSLEPQKSLGEESLS,MOUSE,PSP,STE
Q92918,MAP4K1,Q02779,262,S,WHKTTKMSAAGTYAW,HUMAN,Uniprot,STE
Q92918,MAP4K1,Q16584,281,S,WHKTTQMSAAGTYAW,HUMAN,Uniprot,STE
Q92918,MAP4K1,Q5TCX8,303,S,WHRTTKMSTAGTYAW,HUMAN,Uniprot,STE
Q92918,HPK1,Q9QUN3,152,T,AKARLASTLPAPNSL,HUMAN,PSP,STE
Q92918,HPK1,Q9BXL7,558,S,MQPPRSRSSIMSITA,HUMAN,PSP,STE
Q92918,HPK1,O89100,254,T,TLMHRRHTDPVQLQA,HUMAN,PSP,STE
Q92918,HPK1,Q16584,281,S,WHKTTQMSAAGTYAW,HUMAN,PSP,STE
Q92918,HPK1,Q9BXL7,556,S,TKMQPPRSRSSIMSI,HUMAN,PSP,STE
Q92918,HPK1,Q13200,361,S,ENNRFGGSGSQVDSA,HUMAN,PSP,STE
Q92918,HPK1,Q60787,376,S,IGFQQSASLPPYFSQ,HUMAN,PSP,STE
Q92918,HPK1,Q92918,165,T,ISAQIGATLARRLSF,HUMAN,PSP,STE
Q92918,HPK1,Q13094,376,S,SSFPQSASLPPYFSQ,HUMAN,PSP,STE
Q92918,M4K1,Q13094,376,S,SSFPQSASLPPYFSQ,HUMAN,PhosphoELM,STE
Q92918,M4K1,Q16584,281,S,WHKTTQMSAAGTYAW,HUMAN,PhosphoELM,STE
Q92918,MAP4K1,Q9BXL7,556,S,TKMQPPRSRSSIMSI,HOMO SAPIENS,GPS,STE
Q92918,MAP4K1,Q13094,376,S,SSFPQSASLPPYFSQ,HOMO SAPIENS,GPS,STE
Q92918,MAP4K1,Q92918,165,T,ISAQIGATLARRLSF,HOMO SAPIENS,GPS,STE
Q92918,MAP4K1,Q9QUN3,152,T,AKARLASTLPAPNSL,HOMO SAPIENS,GPS,STE
Q92918,MAP4K1,Q9BXL7,558,S,MQPPRSRSSIMSITA,HOMO SAPIENS,GPS,STE
P70218,MAP4K1,Q66L42,262,S,WHKTTKMSAAGTYAW,MOUSE,Uniprot,STE
P70218,MAP4K1,Q80XI6,282,S,WHKTTQMSAAGTYAW,MOUSE,Uniprot,STE
P70218,MAP4K1,Q8VDG6,287,S,WHRTTRMSAAGTYAW,MOUSE,Uniprot,STE
P70218,MAP4K1,P70218,165,T,ISAQIGATLARRLSF,MUS MUSCULUS,GPS,STE
Q12851,GCK,Q13200,361,S,ENNRFGGSGSQVDSA,HUMAN,PSP,STE
Q12851,GCK,P02810,24,S,QDLDEDVSQEDVPLV,HUMAN,PSP,STE
Q12851,M4K2,P02810,24,S,QDLDEDVSQEDVPLV,HUMAN,PhosphoELM,STE
Q12851,MAP4K2,P02810,24,S,QDLDEDVSQEDVPLV,HOMO SAPIENS,GPS,STE
Q8IVH8,KHS2,P19484,3,S,*****MASRIGLRMQ,HUMAN,PSP,STE
Q8IVH8,KHS2,Q8IVH8,170,S,ATIAKRKSFIGTPYW,HUMAN,PSP,STE
Q8IVH8,KHS2,Q04759,538,T,LGDAKTNTFCGTPDY,HUMAN,PSP,STE
Q8IVH8,MAP4K3,Q8IVH8,170,S,ATIAKRKSFIGTPYW,HOMO SAPIENS,GPS,STE
Q8IVH8,MAP4K3,P19484,3,S,*****MASRIGLRMQ,HOMO SAPIENS,GPS,STE
Q8IVH8,MAP4K3,Q04759,538,T,LGDAKTNTFCGTPDY,HOMO SAPIENS,GPS,STE
O95819,MAP4K4,Q15797,322,T,SNVNRNSTIENTRRH,HUMAN,Uniprot,STE
O95819,HGK,P35241,564,T,AGRDKYKTLRQIRQG,HUMAN,PSP,STE
O95819,HGK,P15311,567,T,QGRDKYKTLRQIRQG,HUMAN,PSP,STE
O95819,HGK,Q15797,322,T,SNVNRNSTIENTRRH,HUMAN,PSP,STE
O95819,HGK,O95835,1079,T,EHAFYEFTFRRFFDD,HUMAN,PSP,STE
O95819,HGK,P26038,558,T,LGRDKYKTLRQIRQG,HUMAN,PSP,STE
P97820,MAP4K4,P70340,322,T,SNVNRNSTIENTRRH,MOUSE,Uniprot,STE
Q9Y4K4,KHS1,Q9WV60,9,S,SGRPRTTSFAESCKP,HUMAN,PSP,STE
Q9Y4K4,KHS1,P49841,9,S,SGRPRTTSFAESCKP,HUMAN,PSP,STE
Q9Y4K4,MAP4K5,P49841,9,S,SGRPRTTSFAESCKP,HOMO SAPIENS,GPS,STE
Q9Y4K4,MAP4K5,Q9WV60,9,S,SGRPRTTSFAESCKP,HOMO SAPIENS,GPS,STE
G5EGQ3,MAX-2,A0A0K3AV08,355,S,TADANRFSTAGTYAW,CAEEL,Uniprot,STE
Q8N4C8,MINK1,Q15797,322,T,SNVNRNSTIENTRRH,HUMAN,Uniprot,STE
Q8N4C8,MINK,Q15797,322,T,SNVNRNSTIENTRRH,HUMAN,PSP,STE
Q8N4C8,MINK,Q62432,324,T,SNVNRNATVEMTRRH,HUMAN,PSP,STE
Q9JM52,MINK1,P70340,322,T,SNVNRNSTIENTRRH,MOUSE,Uniprot,STE
F1LP90,MINK1,P97588,325,T,SNVNRNSTIENTRRH,RAT,Uniprot,STE
Q0PKV7,MKK5,Q9GRU1,190,T,VMSSSDLTQYVVTRW,LEIME,Uniprot,STE
Q0PKV7,MKK5,Q9GRU1,192,Y,SSSDLTQYVVTRWYR,LEIME,Uniprot,STE
Q02750,MAP2K1,P28482,185,T,HDHTGFLTEYVATRW,HUMAN,Uniprot,STE
Q02750,MAP2K1,P28482,187,Y,HTGFLTEYVATRWYR,HUMAN,Uniprot,STE
Q02750,MAP2K1,P27361,202,T,HDHTGFLTEYVATRW,HUMAN,Uniprot,STE
Q02750,MAP2K1,P27361,204,Y,HTGFLTEYVATRWYR,HUMAN,Uniprot,STE
Q02750,MEK1,P10085,156,Y,ILRNAIRYIEGLQAL,HUMAN,PSP,STE
Q02750,MEK1,P21708,205,Y,HTGFLTEYVATRWYR,HUMAN,PSP,STE
Q02750,MEK1,P37238,133,S,PHEEPSNSLMAIECR,HUMAN,PSP,STE
Q02750,MEK1,Q13148,153,T,GFGFVRFTEYETQVK,HUMAN,PSP,STE
Q02750,MEK1,P63085,185,Y,HTGFLTEYVATRWYR,HUMAN,PSP,STE
Q02750,MEK1,P27361,207,T,FLTEYVATRWYRAPE,HUMAN,PSP,STE
Q02750,MEK1,P63085,183,T,HDHTGFLTEYVATRW,HUMAN,PSP,STE
Q02750,MEK1,P63086,183,T,HDHTGFLTEYVATRW,HUMAN,PSP,STE
Q02750,MEK1,P49841,216,Y,RGEPNVSYICSRYYR,HUMAN,PSP,STE
Q02750,MEK1,P05787,74,S,TVNQSLLSPLVLEVD,HUMAN,PSP,STE
Q02750,MEK1,Q99N57,338,S,RPRGQRDSSYYWEIE,HUMAN,PSP,STE
Q02750,MEK1,Q13148,155,Y,GFVRFTEYETQVKVM,HUMAN,PSP,STE
Q02750,MEK1,P21708,203,T,HDHTGFLTEYVATRW,HUMAN,PSP,STE
Q02750,MEK1,P28482,185,T,HDHTGFLTEYVATRW,HUMAN,PSP,STE
Q02750,MEK1,P27361,210,Y,EYVATRWYRAPEIML,HUMAN,PSP,STE
Q02750,MEK1,P63086,185,Y,HTGFLTEYVATRWYR,HUMAN,PSP,STE
Q02750,MEK1,P27361,202,T,HDHTGFLTEYVATRW,HUMAN,PSP,STE
Q02750,MEK1,P17542,122,S,DGRMVQLSPPALAAP,HUMAN,PSP,STE
Q02750,MEK1,P29067,383,T,EFDTNYATDDDIVFE,HUMAN,PSP,STE
Q02750,MEK1,P28482,187,Y,HTGFLTEYVATRWYR,HUMAN,PSP,STE
Q02750,MEK1,Q00613,326,S,SSVDTLLSPTALIDS,HUMAN,PSP,STE
Q02750,MEK1,P04049,338,S,RPRGQRDSSYYWEIE,HUMAN,PSP,STE
Q02750,MEK1,P27361,204,Y,HTGFLTEYVATRWYR,HUMAN,PSP,STE
Q02750,MP2K1,P27361,204,Y,HTGFLTEYVATRWYR,HUMAN,PhosphoELM,STE
Q02750,MP2K1,P27361,202,T,HDHTGFLTEYVATRW,HUMAN,PhosphoELM,STE
Q02750,MP2K1,P28482,187,Y,HTGFLTEYVATRWYR,HUMAN,PhosphoELM,STE
Q02750,MP2K1,P49841,216,Y,RGEPNVSYICSRYYR,HUMAN,PhosphoELM,STE
Q02750,MAP2K1,P04049,338,S,RPRGQRDSSYYWEIE,HOMO SAPIENS,GPS,STE
Q02750,MAP2K1,P17542,122,S,DGRMVQLSPPALAAP,HOMO SAPIENS,GPS,STE
Q02750,MAP2K1,P27361,207,T,FLTEYVATRWYRAPE,HOMO SAPIENS,GPS,STE
Q02750,MAP2K1,P49841,216,Y,RGEPNVSYICSRYYR,HOMO SAPIENS,GPS,STE
Q02750,MAP2K1,P21708,205,Y,HTGFLTEYVATRWYR,HOMO SAPIENS,GPS,STE
Q02750,MAP2K1,P63086,185,Y,HTGFLTEYVATRWYR,HOMO SAPIENS,GPS,STE
Q02750,MAP2K1,P37238,133,S,PHEEPSNSLMAIECR,HOMO SAPIENS,GPS,STE
Q02750,MAP2K1,P05787,74,S,TVNQSLLSPLVLEVD,HOMO SAPIENS,GPS,STE
Q02750,MAP2K1,P21708,203,T,HDHTGFLTEYVATRW,HOMO SAPIENS,GPS,STE
Q02750,MAP2K1,Q00613,326,S,SSVDTLLSPTALIDS,HOMO SAPIENS,GPS,STE
Q02750,MAP2K1,P27361,210,Y,EYVATRWYRAPEIML,HOMO SAPIENS,GPS,STE
P31938,MAP2K1,P63085,183,T,HDHTGFLTEYVATRW,MOUSE,Uniprot,STE
P31938,MAP2K1,P63085,185,Y,HTGFLTEYVATRWYR,MOUSE,Uniprot,STE
P31938,MAP2K1,Q63844,203,T,HDHTGFLTEYVATRW,MOUSE,Uniprot,STE
P31938,MAP2K1,Q63844,205,Y,HTGFLTEYVATRWYR,MOUSE,Uniprot,STE
P31938,MEK1,P10085,156,Y,ILRNAIRYIEGLQAL,MOUSE,PSP,STE
P31938,MEK1,P63085,185,Y,HTGFLTEYVATRWYR,MOUSE,PSP,STE
P31938,MEK1,Q63844,203,T,HDHTGFLTEYVATRW,MOUSE,PSP,STE
P31938,MEK1,P63085,183,T,HDHTGFLTEYVATRW,MOUSE,PSP,STE
P31938,MEK1,Q63844,205,Y,HTGFLTEYVATRWYR,MOUSE,PSP,STE
P31938,MP2K1,Q63844,203,T,HDHTGFLTEYVATRW,MOUSE,PhosphoELM,STE
P31938,MAP2K1,P10085,156,Y,ILRNAIRYIEGLQAL,MUS MUSCULUS,GPS,STE
P29678,MEK1,P29678,300,Y,PGRPLSSYGMDSRPP,RABBIT,PSP,STE
P29678,MEK1,P63085,185,Y,HTGFLTEYVATRWYR,RABBIT,PSP,STE
P29678,MEK1,P29678,298,S,RTPGRPLSSYGMDSR,RABBIT,PSP,STE
P29678,MEK1,P63085,183,T,HDHTGFLTEYVATRW,RABBIT,PSP,STE
P29678,MEK1,P63086,183,T,HDHTGFLTEYVATRW,RABBIT,PSP,STE
P29678,MEK1,P27361,202,T,HDHTGFLTEYVATRW,RABBIT,PSP,STE
P29678,MEK1,P27361,204,Y,HTGFLTEYVATRWYR,RABBIT,PSP,STE
P29678,MAP2K1,P29678,300,Y,PGRPLSSYGMDSRPP,ORYCTOLAGUS CUNICULUS,GPS,STE
P29678,MAP2K1,P63086,183,T,HDHTGFLTEYVATRW,ORYCTOLAGUS CUNICULUS,GPS,STE
P29678,MAP2K1,P29678,298,S,RTPGRPLSSYGMDSR,ORYCTOLAGUS CUNICULUS,GPS,STE
P29678,MAP2K1,P27361,204,Y,HTGFLTEYVATRWYR,ORYCTOLAGUS CUNICULUS,GPS,STE
P29678,MAP2K1,P27361,202,T,HDHTGFLTEYVATRW,ORYCTOLAGUS CUNICULUS,GPS,STE
Q01986,MAP2K1,P21708,203,T,HDHTGFLTEYVATRW,RAT,Uniprot,STE
Q01986,MAP2K1,P21708,205,Y,HTGFLTEYVATRWYR,RAT,Uniprot,STE
Q01986,MEK1,P21708,205,Y,HTGFLTEYVATRWYR,RAT,PSP,STE
Q01986,MEK1,Q01986,218,S,VSGQLIDSMANSFVG,RAT,PSP,STE
Q01986,MEK1,P63085,185,Y,HTGFLTEYVATRWYR,RAT,PSP,STE
Q01986,MEK1,Q63844,203,T,HDHTGFLTEYVATRW,RAT,PSP,STE
Q01986,MEK1,P63085,183,T,HDHTGFLTEYVATRW,RAT,PSP,STE
Q01986,MEK1,P63086,183,T,HDHTGFLTEYVATRW,RAT,PSP,STE
Q01986,MEK1,P21708,203,T,HDHTGFLTEYVATRW,RAT,PSP,STE
Q01986,MEK1,Q63844,205,Y,HTGFLTEYVATRWYR,RAT,PSP,STE
Q01986,MEK1,P49950,70,S,RDTAARTSPLRPLVA,RAT,PSP,STE
Q01986,MEK1,Q01986,222,S,LIDSMANSFVGTRSY,RAT,PSP,STE
Q01986,MEK1,P63086,185,Y,HTGFLTEYVATRWYR,RAT,PSP,STE
Q01986,MEK1,P04177,31,S,KQAEAVTSPRFIGRR,RAT,PSP,STE
Q01986,MAP2K1,Q01986,218,S,VSGQLIDSMANSFVG,RATTUS NORVEGICUS,GPS,STE
Q01986,MAP2K1,Q01986,222,S,LIDSMANSFVGTRSY,RATTUS NORVEGICUS,GPS,STE
Q01986,MAP2K1,P49950,70,S,RDTAARTSPLRPLVA,RATTUS NORVEGICUS,GPS,STE
Q01986,MAP2K1,P04177,31,S,KQAEAVTSPRFIGRR,RATTUS NORVEGICUS,GPS,STE
Q90891,MEK2,Q9I8T7,534,T,SPLNITSTPPPDTSS,CHICKEN,PSP,STE
Q90891,MAP2K2,Q9I8T7,534,T,SPLNITSTPPPDTSS,GALLUS GALLUS,GPS,STE
P36507,MAP2K2,P28482,185,T,HDHTGFLTEYVATRW,HUMAN,Uniprot,STE
P36507,MAP2K2,P28482,187,Y,HTGFLTEYVATRWYR,HUMAN,Uniprot,STE
P36507,MAP2K2,P27361,202,T,HDHTGFLTEYVATRW,HUMAN,Uniprot,STE
P36507,MAP2K2,P27361,204,Y,HTGFLTEYVATRWYR,HUMAN,Uniprot,STE
P36507,MEK2,P05787,74,S,TVNQSLLSPLVLEVD,HUMAN,PSP,STE
P36507,MEK2,P27361,202,T,HDHTGFLTEYVATRW,HUMAN,PSP,STE
P36507,MEK2,P27361,204,Y,HTGFLTEYVATRWYR,HUMAN,PSP,STE
P36507,MP2K2,P27361,204,Y,HTGFLTEYVATRWYR,HUMAN,PhosphoELM,STE
P36507,MP2K2,P27361,202,T,HDHTGFLTEYVATRW,HUMAN,PhosphoELM,STE
P36507,MAP2K2,P05787,74,S,TVNQSLLSPLVLEVD,HOMO SAPIENS,GPS,STE
Q63932,MAP2K2,P63085,183,T,HDHTGFLTEYVATRW,MOUSE,Uniprot,STE
Q63932,MAP2K2,P63085,185,Y,HTGFLTEYVATRWYR,MOUSE,Uniprot,STE
Q63932,MAP2K2,Q63844,203,T,HDHTGFLTEYVATRW,MOUSE,Uniprot,STE
Q63932,MAP2K2,Q63844,205,Y,HTGFLTEYVATRWYR,MOUSE,Uniprot,STE
P36506,MAP2K2,P21708,203,T,HDHTGFLTEYVATRW,RAT,Uniprot,STE
P36506,MAP2K2,P21708,205,Y,HTGFLTEYVATRWYR,RAT,Uniprot,STE
P46734,MAP2K3,Q15759,180,T,RQADEEMTGYVATRW,HUMAN,Uniprot,STE
P46734,MAP2K3,Q15759,182,Y,ADEEMTGYVATRWYR,HUMAN,Uniprot,STE
P46734,MAP2K3,P53778,183,T,RQADSEMTGYVVTRW,HUMAN,Uniprot,STE
P46734,MAP2K3,O15264,180,T,RHADAEMTGYVVTRW,HUMAN,Uniprot,STE
P46734,MAP2K3,O15264,182,Y,ADAEMTGYVVTRWYR,HUMAN,Uniprot,STE
P46734,MAP2K3,Q16539,180,T,RHTDDEMTGYVATRW,HUMAN,Uniprot,STE
P46734,MAP2K3,Q16539,182,Y,TDDEMTGYVATRWYR,HUMAN,Uniprot,STE
P46734,MKK3,Q9Z1B7,182,Y,TDTEMTGYVVTRWYR,HUMAN,PSP,STE
P46734,MKK3,P70618,180,T,RHTDDEMTGYVATRW,HUMAN,PSP,STE
P46734,MKK3,P70618,182,Y,TDDEMTGYVATRWYR,HUMAN,PSP,STE
P46734,MKK3,P46734,218,S,ISGYLVDSVAKTMDA,HUMAN,PSP,STE
P46734,MKK3,O15264,180,T,RHADAEMTGYVVTRW,HUMAN,PSP,STE
P46734,MKK3,Q16539,180,T,RHTDDEMTGYVATRW,HUMAN,PSP,STE
P46734,MKK3,Q9Z1B7,180,T,RHTDTEMTGYVVTRW,HUMAN,PSP,STE
P46734,MKK3,O15264,182,Y,ADAEMTGYVVTRWYR,HUMAN,PSP,STE
P46734,MKK3,P46734,222,T,LVDSVAKTMDAGCKP,HUMAN,PSP,STE
P46734,MKK3,Q16539,182,Y,TDDEMTGYVATRWYR,HUMAN,PSP,STE
P46734,MP2K3,P53778,185,Y,ADSEMTGYVVTRWYR,HUMAN,PhosphoELM,STE
P46734,MP2K3,P53778,183,T,RQADSEMTGYVVTRW,HUMAN,PhosphoELM,STE
P46734,MP2K3,P46734,222,T,LVDSVAKTMDAGCKP,HUMAN,PhosphoELM,STE
P46734,MP2K3,P46734,218,S,ISGYLVDSVAKTMDA,HUMAN,PhosphoELM,STE
P46734,MAP2K3,P70618,182,Y,TDDEMTGYVATRWYR,HOMO SAPIENS,GPS,STE
P46734,MAP2K3,P70618,180,T,RHTDDEMTGYVATRW,HOMO SAPIENS,GPS,STE
P46734,MAP2K3,P53778,185,Y,ADSEMTGYVVTRWYR,HOMO SAPIENS,GPS,STE
P46734,MAP2K3,P46734,218,S,ISGYLVDSVAKTMDA,HOMO SAPIENS,GPS,STE
P46734,MAP2K3,P46734,222,T,LVDSVAKTMDAGCKP,HOMO SAPIENS,GPS,STE
O09110,MAP2K3,Q9WUI1,180,T,RQADEEMTGYVATRW,MOUSE,Uniprot,STE
O09110,MAP2K3,Q9WUI1,182,Y,ADEEMTGYVATRWYR,MOUSE,Uniprot,STE
O09110,MAP2K3,Q9Z1B7,180,T,RHTDTEMTGYVVTRW,MOUSE,Uniprot,STE
O09110,MAP2K3,P47811,180,T,RHTDDEMTGYVATRW,MOUSE,Uniprot,STE
O09110,MAP2K3,P47811,182,Y,TDDEMTGYVATRWYR,MOUSE,Uniprot,STE
O09110,MKK3,Q61084,526,S,MSGTGIRSVTGTPYW,MOUSE,PSP,STE
O09110,MAP2K3,P25322,288,T,AGLACTPTDVRDVDI,MUS MUSCULUS,GPS,STE
O09110,MAP2K3,Q61084,526,S,MSGTGIRSVTGTPYW,MUS MUSCULUS,GPS,STE
P45985,MAP2K4,P45983,185,Y,TSFMMTPYVVTRYYR,HUMAN,Uniprot,STE
P45985,MAP2K4,P45984,185,Y,TNFMMTPYVVTRYYR,HUMAN,Uniprot,STE
P45985,MAP2K4,P53779,223,Y,TSFMMTPYVVTRYYR,HUMAN,Uniprot,STE
P45985,MAP2K4,Q15759,180,T,RQADEEMTGYVATRW,HUMAN,Uniprot,STE
P45985,MAP2K4,Q15759,182,Y,ADEEMTGYVATRWYR,HUMAN,Uniprot,STE
P45985,MAP2K4,O15264,180,T,RHADAEMTGYVVTRW,HUMAN,Uniprot,STE
P45985,MAP2K4,O15264,182,Y,ADAEMTGYVVTRWYR,HUMAN,Uniprot,STE
P45985,MAP2K4,Q16539,180,T,RHTDDEMTGYVATRW,HUMAN,Uniprot,STE
P45985,MAP2K4,Q16539,182,Y,TDDEMTGYVATRWYR,HUMAN,Uniprot,STE
P45985,MKK4,P45983-2,185,Y,TSFMMTPYVVTRYYR,HUMAN,PSP,STE
P45985,MKK4,P45984,185,Y,TNFMMTPYVVTRYYR,HUMAN,PSP,STE
P45985,MKK4,P45983,185,Y,TSFMMTPYVVTRYYR,HUMAN,PSP,STE
P45985,MKK4,P19793,249,Y,VEPKTETYVEANMGL,HUMAN,PSP,STE
P45985,MKK4,P53779,223,Y,TSFMMTPYVVTRYYR,HUMAN,PSP,STE
P45985,MKK4,P45985,257,S,ISGQLVDSIAKTRDA,HUMAN,PSP,STE
P45985,MKK4,Q9WTU6,183,T,ACTNFMMTPYVVTRY,HUMAN,PSP,STE
P45985,MKK4,P45983-3,228,T,GGVLFPGTDHIDQWN,HUMAN,PSP,STE
P45985,MKK4,P45983-3,377,S,GVIRGQPSPLAQVQQ,HUMAN,PSP,STE
P45985,MKK4,P53779-2,223,Y,TSFMMTPYVVTRYYR,HUMAN,PSP,STE
P45985,MKK4,Q9WTU6,185,Y,TNFMMTPYVVTRYYR,HUMAN,PSP,STE
P45985,MKK4,P45983,183,T,AGTSFMMTPYVVTRY,HUMAN,PSP,STE
P45985,MKK4,P45983-3,183,T,AGTSFMMTPYVVTRY,HUMAN,PSP,STE
P45985,MKK4,Q16539,180,T,RHTDDEMTGYVATRW,HUMAN,PSP,STE
P45985,MKK4,P45983-3,284,S,DVLFPADSEHNKLKA,HUMAN,PSP,STE
P45985,MKK4,P45983-3,185,Y,TSFMMTPYVVTRYYR,HUMAN,PSP,STE
P45985,MKK4,P45985,261,T,LVDSIAKTRDAGCRP,HUMAN,PSP,STE
P45985,MKK4,Q16539,182,Y,TDDEMTGYVATRWYR,HUMAN,PSP,STE
P45985,MP2K4,P19793,249,Y,VEPKTETYVEANMGL,HUMAN,PhosphoELM,STE
P45985,MP2K4,P45983,185,Y,TSFMMTPYVVTRYYR,HUMAN,PhosphoELM,STE
P45985,MP2K4,P45984,185,Y,TNFMMTPYVVTRYYR,HUMAN,PhosphoELM,STE
P45985,MP2K4,P53779,223,Y,TSFMMTPYVVTRYYR,HUMAN,PhosphoELM,STE
P45985,MP2K4,P45985,261,T,LVDSIAKTRDAGCRP,HUMAN,PhosphoELM,STE
P45985,MP2K4,P45985,257,S,ISGQLVDSIAKTRDA,HUMAN,PhosphoELM,STE
P45985,MP2K4,P53778,185,Y,ADSEMTGYVVTRWYR,HUMAN,PhosphoELM,STE
P45985,MAP2K4,P45985,257,S,ISGQLVDSIAKTRDA,HOMO SAPIENS,GPS,STE
P45985,MAP2K4,Q15711,185,Y,TNFMMTPYVVTRYYR,HOMO SAPIENS,GPS,STE
P45985,MAP2K4,Q9WTU6,185,Y,TNFMMTPYVVTRYYR,HOMO SAPIENS,GPS,STE
P45985,MAP2K4,Q9WTU6,183,T,ACTNFMMTPYVVTRY,HOMO SAPIENS,GPS,STE
P45985,MAP2K4,P45983-2,185,Y,TSFMMTPYVVTRYYR,HOMO SAPIENS,GPS,STE
P45985,MAP2K4,P45983-3,228,T,GGVLFPGTDHIDQWN,HOMO SAPIENS,GPS,STE
P45985,MAP2K4,P45983-3,185,Y,TSFMMTPYVVTRYYR,HOMO SAPIENS,GPS,STE
P45985,MAP2K4,P45985,261,T,LVDSIAKTRDAGCRP,HOMO SAPIENS,GPS,STE
P45985,MAP2K4,P45983,183,T,AGTSFMMTPYVVTRY,HOMO SAPIENS,GPS,STE
P45985,MAP2K4,P45983-3,377,S,GVIRGQPSPLAQVQQ,HOMO SAPIENS,GPS,STE
P45985,MAP2K4,P45983-3,183,T,AGTSFMMTPYVVTRY,HOMO SAPIENS,GPS,STE
P45985,MAP2K4,P19793,249,Y,VEPKTETYVEANMGL,HOMO SAPIENS,GPS,STE
P45985,MAP2K4,P45983-3,284,S,DVLFPADSEHNKLKA,HOMO SAPIENS,GPS,STE
P45985,MAP2K4,P53778,185,Y,ADSEMTGYVVTRWYR,HOMO SAPIENS,GPS,STE
P45985,MAP2K4,P53779-2,223,Y,TSFMMTPYVVTRYYR,HOMO SAPIENS,GPS,STE
P47809,MAP2K4,Q91Y86,185,Y,TSFMMTPYVVTRYYR,MOUSE,Uniprot,STE
P47809,MAP2K4,Q9WTU6,185,Y,TNFMMTPYVVTRYYR,MOUSE,Uniprot,STE
P47809,MAP2K4,Q61831,223,Y,TSFMMTPYVVTRYYR,MOUSE,Uniprot,STE
P47809,MAP2K4,Q9WUI1,180,T,RQADEEMTGYVATRW,MOUSE,Uniprot,STE
P47809,MAP2K4,Q9WUI1,182,Y,ADEEMTGYVATRWYR,MOUSE,Uniprot,STE
P47809,MAP2K4,Q9Z1B7,180,T,RHTDTEMTGYVVTRW,MOUSE,Uniprot,STE
P47809,MAP2K4,P47811,180,T,RHTDDEMTGYVATRW,MOUSE,Uniprot,STE
P47809,MAP2K4,P47811,182,Y,TDDEMTGYVATRWYR,MOUSE,Uniprot,STE
P47809,MKK4,Q9WTU6,183,T,ACTNFMMTPYVVTRY,MOUSE,PSP,STE
P47809,MKK4,Q9WTU6,185,Y,TNFMMTPYVVTRYYR,MOUSE,PSP,STE
P47809,MKK4,Q91Y86,183,T,AGTSFMMTPYVVTRY,MOUSE,PSP,STE
P47809,MKK4,Q91Y86,185,Y,TSFMMTPYVVTRYYR,MOUSE,PSP,STE
P47809,MAP2K4,Q91Y86,183,T,AGTSFMMTPYVVTRY,MUS MUSCULUS,GPS,STE
Q13163,MEK5,Q13164,221,Y,HQYFMTEYVATRWYR,HUMAN,PSP,STE
Q13163,MEK5,Q13164,219,T,AEHQYFMTEYVATRW,HUMAN,PSP,STE
Q13163,MAP2K5,Q13164,219,T,AEHQYFMTEYVATRW,HOMO SAPIENS,GPS,STE
Q13163,MAP2K5,Q13164,221,Y,HQYFMTEYVATRWYR,HOMO SAPIENS,GPS,STE
Q5E9X2,MAP2K6,Q3T0N5,180,T,RHTDVEMTGYVVTRW,BOVIN,Uniprot,STE
Q5E9X2,MAP2K6,Q3T0N5,182,Y,TDVEMTGYVVTRWYR,BOVIN,Uniprot,STE
Q9DGE0,MAP2K3,Q9DGE2,181,T,RHTDDEMTGYVATRW,DANRE,Uniprot,STE
Q9DGE0,MAP2K3,Q9DGE2,183,Y,TDDEMTGYVATRWYR,DANRE,Uniprot,STE
Q9DGE0,MAP2K3,Q9DGE1,181,T,RLTDDEMTGYVATRW,DANRE,Uniprot,STE
Q9DGE0,MAP2K3,Q9DGE1,183,Y,TDDEMTGYVATRWYR,DANRE,Uniprot,STE
P52564,MAP2K6,Q15759,180,T,RQADEEMTGYVATRW,HUMAN,Uniprot,STE
P52564,MAP2K6,Q15759,182,Y,ADEEMTGYVATRWYR,HUMAN,Uniprot,STE
P52564,MAP2K6,P53778,183,T,RQADSEMTGYVVTRW,HUMAN,Uniprot,STE
P52564,MAP2K6,O15264,180,T,RHADAEMTGYVVTRW,HUMAN,Uniprot,STE
P52564,MAP2K6,O15264,182,Y,ADAEMTGYVVTRWYR,HUMAN,Uniprot,STE
P52564,MAP2K6,Q16539,180,T,RHTDDEMTGYVATRW,HUMAN,Uniprot,STE
P52564,MAP2K6,Q16539,182,Y,TDDEMTGYVATRWYR,HUMAN,Uniprot,STE
P52564,MKK6,P53778,185,Y,ADSEMTGYVVTRWYR,HUMAN,PSP,STE
P52564,MKK6,Q9Z1B7,182,Y,TDTEMTGYVVTRWYR,HUMAN,PSP,STE
P52564,MKK6,Q9ULV5,471,T,LGLPGALTIYSTPES,HUMAN,PSP,STE
P52564,MKK6,P47811,180,T,RHTDDEMTGYVATRW,HUMAN,PSP,STE
P52564,MKK6,P53778,183,T,RQADSEMTGYVVTRW,HUMAN,PSP,STE
P52564,MKK6,Q9NQU5,566,Y,KSLVGTPYWMAPEVI,HUMAN,PSP,STE
P52564,MKK6,P70618,180,T,RHTDDEMTGYVATRW,HUMAN,PSP,STE
P52564,MKK6,P70618,182,Y,TDDEMTGYVATRWYR,HUMAN,PSP,STE
P52564,MKK6,O15264,180,T,RHADAEMTGYVVTRW,HUMAN,PSP,STE
P52564,MKK6,P52564,207,S,ISGYLVDSVAKTIDA,HUMAN,PSP,STE
P52564,MKK6,P52564,219,Y,IDAGCKPYMAPERIN,HUMAN,PSP,STE
P52564,MKK6,Q16539,180,T,RHTDDEMTGYVATRW,HUMAN,PSP,STE
P52564,MKK6,P47811,182,Y,TDDEMTGYVATRWYR,HUMAN,PSP,STE
P52564,MKK6,Q9Z1B7,180,T,RHTDTEMTGYVVTRW,HUMAN,PSP,STE
P52564,MKK6,O15264,182,Y,ADAEMTGYVVTRWYR,HUMAN,PSP,STE
P52564,MKK6,Q16539,182,Y,TDDEMTGYVATRWYR,HUMAN,PSP,STE
P52564,MP2K6,Q16539,180,T,RHTDDEMTGYVATRW,HUMAN,PhosphoELM,STE
P52564,MP2K6,P53778,185,Y,ADSEMTGYVVTRWYR,HUMAN,PhosphoELM,STE
P52564,MP2K6,P53778,183,T,RQADSEMTGYVVTRW,HUMAN,PhosphoELM,STE
P52564,MP2K6,Q9NQU5,564,T,KRKSLVGTPYWMAPE,HUMAN,PhosphoELM,STE
P52564,MP2K6,Q9NQU5,566,Y,KSLVGTPYWMAPEVI,HUMAN,PhosphoELM,STE
P52564,MAP2K6,Q9NQU5,566,Y,KSLVGTPYWMAPEVI,HOMO SAPIENS,GPS,STE
P52564,MAP2K6,P70618,182,Y,TDDEMTGYVATRWYR,HOMO SAPIENS,GPS,STE
P52564,MAP2K6,P70618,180,T,RHTDDEMTGYVATRW,HOMO SAPIENS,GPS,STE
P52564,MAP2K6,P47811,182,Y,TDDEMTGYVATRWYR,HOMO SAPIENS,GPS,STE
P52564,MAP2K6,Q9ULV5,471,T,LGLPGALTIYSTPES,HOMO SAPIENS,GPS,STE
P52564,MAP2K6,Q9NQU5,564,T,KRKSLVGTPYWMAPE,HOMO SAPIENS,GPS,STE
P52564,MAP2K6,P52564,219,Y,IDAGCKPYMAPERIN,HOMO SAPIENS,GPS,STE
P52564,MAP2K6,P53778,185,Y,ADSEMTGYVVTRWYR,HOMO SAPIENS,GPS,STE
P52564,MAP2K6,P47811,180,T,RHTDDEMTGYVATRW,HOMO SAPIENS,GPS,STE
P52564,MAP2K6,P52564,207,S,ISGYLVDSVAKTIDA,HOMO SAPIENS,GPS,STE
P70236,MAP2K6,Q9WUI1,180,T,RQADEEMTGYVATRW,MOUSE,Uniprot,STE
P70236,MAP2K6,Q9WUI1,182,Y,ADEEMTGYVATRWYR,MOUSE,Uniprot,STE
P70236,MAP2K6,Q9Z1B7,180,T,RHTDTEMTGYVVTRW,MOUSE,Uniprot,STE
P70236,MAP2K6,P47811,180,T,RHTDDEMTGYVATRW,MOUSE,Uniprot,STE
P70236,MAP2K6,P47811,182,Y,TDDEMTGYVATRWYR,MOUSE,Uniprot,STE
O14733,MAP2K7,P45983,183,T,AGTSFMMTPYVVTRY,HUMAN,Uniprot,STE
O14733,MAP2K7,P45984,183,T,ACTNFMMTPYVVTRY,HUMAN,Uniprot,STE
O14733,MAP2K7,P53779,221,T,AGTSFMMTPYVVTRY,HUMAN,Uniprot,STE
O14733,MAP2K7,O15264,180,T,RHADAEMTGYVVTRW,HUMAN,Uniprot,STE
O14733,MAP2K7,O15264,182,Y,ADAEMTGYVVTRWYR,HUMAN,Uniprot,STE
O14733,MKK7,P53779-2,221,T,AGTSFMMTPYVVTRY,HUMAN,PSP,STE
O14733,MKK7,P45984,183,T,ACTNFMMTPYVVTRY,HUMAN,PSP,STE
O14733,MKK7,P45983,185,Y,TSFMMTPYVVTRYYR,HUMAN,PSP,STE
O14733,MKK7,Q9WTU6,183,T,ACTNFMMTPYVVTRY,HUMAN,PSP,STE
O14733,MKK7,Q9WTU6,185,Y,TNFMMTPYVVTRYYR,HUMAN,PSP,STE
O14733,MKK7,P45984,407,S,STEQTLASDTDSSLD,HUMAN,PSP,STE
O14733,MKK7,P45983,183,T,AGTSFMMTPYVVTRY,HUMAN,PSP,STE
O14733,MKK7,Q13158,194,S,QNRSGAMSPMSWNSD,HUMAN,PSP,STE
O14733,MKK7,P45984,404,T,SSMSTEQTLASDTDS,HUMAN,PSP,STE
O14733,MKK7,P45983-2,183,T,AGTSFMMTPYVVTRY,HUMAN,PSP,STE
O14733,MKK7,P53779,221,T,AGTSFMMTPYVVTRY,HUMAN,PSP,STE
O14733,MP2K7,P45983,185,Y,TSFMMTPYVVTRYYR,HUMAN,PhosphoELM,STE
O14733,MP2K7,P45983,183,T,AGTSFMMTPYVVTRY,HUMAN,PhosphoELM,STE
O14733,MP2K7,P45984,404,T,SSMSTEQTLASDTDS,HUMAN,PhosphoELM,STE
O14733,MP2K7,P45984,183,T,ACTNFMMTPYVVTRY,HUMAN,PhosphoELM,STE
O14733,MP2K7,P45984,407,S,STEQTLASDTDSSLD,HUMAN,PhosphoELM,STE
O14733,MP2K7,P53779,221,T,AGTSFMMTPYVVTRY,HUMAN,PhosphoELM,STE
O14733,MAP2K7,Q15711,183,T,ACTNFMMTPYVVTRY,HOMO SAPIENS,GPS,STE
O14733,MAP2K7,P45983-2,183,T,AGTSFMMTPYVVTRY,HOMO SAPIENS,GPS,STE
O14733,MAP2K7,Q9WTU6,183,T,ACTNFMMTPYVVTRY,HOMO SAPIENS,GPS,STE
O14733,MAP2K7,Q13158,194,S,QNRSGAMSPMSWNSD,HOMO SAPIENS,GPS,STE
O14733,MAP2K7,Q9WTU6,185,Y,TNFMMTPYVVTRYYR,HOMO SAPIENS,GPS,STE
O14733,MAP2K7,P53779-2,221,T,AGTSFMMTPYVVTRY,HOMO SAPIENS,GPS,STE
O14733,MAP2K7,P45984,404,T,SSMSTEQTLASDTDS,HOMO SAPIENS,GPS,STE
O14733,MAP2K7,P45983,185,Y,TSFMMTPYVVTRYYR,HOMO SAPIENS,GPS,STE
O14733,MAP2K7,P45984,407,S,STEQTLASDTDSSLD,HOMO SAPIENS,GPS,STE
Q8CE90,MAP2K7,Q91Y86,183,T,AGTSFMMTPYVVTRY,MOUSE,Uniprot,STE
Q8CE90,MAP2K7,Q9WTU6,183,T,ACTNFMMTPYVVTRY,MOUSE,Uniprot,STE
Q8CE90,MAP2K7,Q61831,221,T,AGTSFMMTPYVVTRY,MOUSE,Uniprot,STE
Q8CE90,MAP2K7,Q9Z1B7,180,T,RHTDTEMTGYVVTRW,MOUSE,Uniprot,STE
Q4KSH7,MAP2K7,P49185,183,T,AGTSFMMTPYVVTRY,RAT,Uniprot,STE
Q4KSH7,MAP2K7,P49186,183,T,ACTNFMMTPYVVTRY,RAT,Uniprot,STE
Q4KSH7,MAP2K7,P49187,221,T,AGTSFMMTPYVVTRY,RAT,Uniprot,STE
Q4KSH7,MAP2K7,Q9WTY9,180,T,RHTDAEMTGYVVTRW,RAT,Uniprot,STE
Q4KSH7,MAP2K7,Q9WTY9,182,Y,TDAEMTGYVVTRWYR,RAT,Uniprot,STE
Q8NEV4,MYO3A,Q8NEV4,919,T,TRHARETTNMKTQTV,HUMAN,PSP,STE
Q8NEV4,MYO3A,Q8NEV4,184,T,STRHRRNTSVGTPFW,HUMAN,PSP,STE
Q8NEV4,MYO3A,Q8NEV4,908,T,INLAKGDTGEATRHA,HUMAN,PSP,STE
Q8NEV4,MYO3A,Q8NEV4,178,T,VSAQLTSTRHRRNTS,HUMAN,PSP,STE
Q8NEV4,MYO3A,Q8NEV4,188,T,RRNTSVGTPFWMAPE,HUMAN,PSP,STE
Q8K3H5,MYO3A,Q8K3H5,184,T,STRHRLNTSVGTPFW,MOUSE,PSP,STE
Q8K3H5,MYO3A,Q8K3H5,177,S,GVSAQLSSTRHRLNT,MOUSE,PSP,STE
Q8K3H5,MYO3A,Q8K3H5,332,S,KKGNLNRSLISSLKD,MOUSE,PSP,STE
Q8K3H5,MYO3A,Q8K3H5,313,S,DIHQCLGSTEKARHE,MOUSE,PSP,STE
Q1EG27,MYO3B,Q1EG27,178,T,STRLRRNTSVGTPFW,MOUSE,PSP,STE
Q1EG27,MYO3B,Q1EG27,171,S,GVSAQLTSTRLRRNT,MOUSE,PSP,STE
Q1EG27,MYO3B,Q1EG27,918,T,TTNMKRQTMASYFRY,MOUSE,PSP,STE
Q1EG27,MYO3B,Q1EG27,887,S,KITASSRSLPPHFSA,MOUSE,PSP,STE
Q1EG27,MYO3B,Q1EG27,1246,T,YYNQLNGTLEYQGSQ,MOUSE,PSP,STE
Q7Z2Y5,NRK,P23528,3,S,*****MASGVAVSDG,HUMAN,Uniprot,STE
O95747,OXSR1,Q13153,84,T,LPSDFEHTIHVGFDA,HUMAN,Uniprot,STE
O95747,OSR1,Q13621,105,T,LQTFGHNTMDAVPKI,HUMAN,PSP,STE
O95747,OSR1,P55011,207,T,YYDTHTNTYYLRTFG,HUMAN,PSP,STE
O95747,OSR1,Q13621,118,T,KIEYYRNTGSISGPK,HUMAN,PSP,STE
O95747,OSR1,P35465,84,T,LPSDFEHTIHVGFDA,HUMAN,PSP,STE
O95747,OSR1,P55017,60,T,MRTFGYNTIDVVPTY,HUMAN,PSP,STE
O95747,OSR1,P55017,73,S,TYEHYANSTQPGEPR,HUMAN,PSP,STE
O95747,OSR1,P55011,212,T,TNTYYLRTFGHNTMD,HUMAN,PSP,STE
O95747,OSR1,P55011,230,T,RIDHYRHTAAQLGEK,HUMAN,PSP,STE
O95747,OSR1,P55011,203,T,HQHYYYDTHTNTYYL,HUMAN,PSP,STE
O95747,OSR1,Q13621,120,S,EYYRNTGSISGPKVN,HUMAN,PSP,STE
O95747,OSR1,Q13621,95,T,AYDSHTNTYYLQTFG,HUMAN,PSP,STE
O95747,OSR1,Q13621,100,T,TNTYYLQTFGHNTMD,HUMAN,PSP,STE
O95747,OSR1,P55017,46,T,SSHPSHLTHSSTFCM,HUMAN,PSP,STE
O95747,OSR1,P55017,55,T,SSTFCMRTFGYNTID,HUMAN,PSP,STE
O95747,OSR1,P55011,217,T,LRTFGHNTMDAVPRI,HUMAN,PSP,STE
O95747,OXSR1,P55011,203,T,HQHYYYDTHTNTYYL,HOMO SAPIENS,GPS,STE
O95747,OXSR1,P55017,73,S,TYEHYANSTQPGEPR,HOMO SAPIENS,GPS,STE
O95747,OXSR1,Q13621,105,T,LQTFGHNTMDAVPKI,HOMO SAPIENS,GPS,STE
O95747,OXSR1,Q13621,120,S,EYYRNTGSISGPKVN,HOMO SAPIENS,GPS,STE
O95747,OXSR1,P55011,212,T,TNTYYLRTFGHNTMD,HOMO SAPIENS,GPS,STE
O95747,OXSR1,P55011,207,T,YYDTHTNTYYLRTFG,HOMO SAPIENS,GPS,STE
O95747,OXSR1,Q13621,118,T,KIEYYRNTGSISGPK,HOMO SAPIENS,GPS,STE
O95747,OXSR1,P55011,230,T,RIDHYRHTAAQLGEK,HOMO SAPIENS,GPS,STE
O95747,OXSR1,P55017,60,T,MRTFGYNTIDVVPTY,HOMO SAPIENS,GPS,STE
O95747,OXSR1,Q13621,100,T,TNTYYLQTFGHNTMD,HOMO SAPIENS,GPS,STE
O95747,OXSR1,P55011,217,T,LRTFGHNTMDAVPRI,HOMO SAPIENS,GPS,STE
O95747,OXSR1,P35465,84,T,LPSDFEHTIHVGFDA,HOMO SAPIENS,GPS,STE
O95747,OXSR1,P55017,55,T,SSTFCMRTFGYNTID,HOMO SAPIENS,GPS,STE
O95747,OXSR1,Q13621,95,T,AYDSHTNTYYLQTFG,HOMO SAPIENS,GPS,STE
O95747,OXSR1,P55017,46,T,SSHPSHLTHSSTFCM,HOMO SAPIENS,GPS,STE
Q6P9R2,OXSR1,O88643,84,T,LPSDFEHTIHVGFDA,MOUSE,Uniprot,STE
Q08E52,PAK1,Q5E9E2,20,S,KRPQRATSNVFAMFD,BOVIN,Uniprot,STE
Q08E52,PAK1,Q08DP0,467,T,PVGDKVYTVEKIDNF,BOVIN,Uniprot,STE
Q08E52,PAK1,A7E3S4,338,S,RPRGQRDSSYYWEIE,BOVIN,Uniprot,STE
Q08E52,PAK1,A7E3S4,339,S,PRGQRDSSYYWEIEA,BOVIN,Uniprot,STE
Q13153,PAK1,Q92974,886,S,PVDPRRRSLPAGDAL,HUMAN,Uniprot,STE
Q13153,PAK1,P53667,508,T,PDRKKRYTVVGNPYW,HUMAN,Uniprot,STE
Q13153,PAK1,P31152,186,S,YSHKGYLSEGLVTKW,HUMAN,Uniprot,STE
Q13153,PAK1,Q16659,189,S,YSHKGHLSEGLVTKW,HUMAN,Uniprot,STE
Q13153,PAK1,Q9Y6X9,739,S,ATPSRKRSVAVSDEE,HUMAN,Uniprot,STE
Q13153,PAK1,P24844,20,S,KRPQRATSNVFAMFD,HUMAN,Uniprot,STE
Q13153,PAK1,P36871,467,T,SANDKVYTVEKADNF,HUMAN,Uniprot,STE
Q13153,PAK1,P04049,338,S,RPRGQRDSSYYWEIE,HUMAN,Uniprot,STE
Q13153,PAK1,P04049,339,S,PRGQRDSSYYWEIEA,HUMAN,Uniprot,STE
Q13153,PAK1,A0MZ66,101,S,NKTLKRISMLYMAKL,HUMAN,Uniprot,STE
Q13153,PAK1,O95863,246,S,QACARTFSRMSLLHK,HUMAN,Uniprot,STE
Q13153,PAK1,Q99426,65,S,GVDDKFYSKLDQEDA,HUMAN,Uniprot,STE
Q13153,PAK1,Q99426,128,S,VRSFLKRSKLGRYNE,HUMAN,Uniprot,STE
Q13153,PAK1,P51114,420,S,SERKDELSDWSLAGE,HUMAN,PSP,STE
Q13153,PAK1,O15143,21,T,HAWNKDRTQIAICPN,HUMAN,PSP,STE
Q13153,PAK1,P19086,16,S,EKEAARRSRRIDRHL,HUMAN,PSP,STE
Q13153,PAK1,Q13233,67,S,RQLRKVRSVELDQLP,HUMAN,PSP,STE
Q13153,PAK1,P46108,41,S,VFLVRDSSTSPGDYV,HUMAN,PSP,STE
Q13153,PAK1,P35222,675,S,QDYKKRLSVELTSSL,HUMAN,PSP,STE
Q13153,PAK1,A0MZ67,101,S,NKTLKRISMLYMAKL,HUMAN,PSP,STE
Q13153,PAK1,P49023,258,S,TQQQTRISASSATRE,HUMAN,PSP,STE
Q13153,PAK1,P49023-2,272,S,ELDELMASLSDFKFM,HUMAN,PSP,STE
Q13153,PAK1,P53350,49,S,EVLVDPRSRRRYVRG,HUMAN,PSP,STE
Q13153,PAK1,P68431,10,S,TKQTARKSTGGKAPR,HUMAN,PSP,STE
Q13153,PAK1,Q13153,204,S,TKSVYTRSVIEPLPV,HUMAN,PSP,STE
Q13153,PAK1,Q9Z206,538,S,NLRAQRRSCVVPGVM,HUMAN,PSP,STE
Q13153,PAK1,P21333,2292,S,FEDRKDGSCGVAYVV,HUMAN,PSP,STE
Q13153,PAK1,P52565,174,S,KGMLARGSYSIKSRF,HUMAN,PSP,STE
Q13153,PAK1,Q15365,60,T,NCPERIITLTGPTNA,HUMAN,PSP,STE
Q13153,PAK1,Q99N57,338,S,RPRGQRDSSYYWEIE,HUMAN,PSP,STE
Q13153,PAK1,Q14247,405,S,KTQTPPVSPAPQPTE,HUMAN,PSP,STE
Q13153,PAK1,P63167,88,S,VAILLFKSG******,HUMAN,PSP,STE
Q13153,PAK1,Q61337,112,S,ETRSRHSSYPAGTEE,HUMAN,PSP,STE
Q13153,PAK1,Q9Z2F5,147,S,REGTRVQSVEQIREV,HUMAN,PSP,STE
Q13153,PAK1,Q96T58,3568,T,EGVARRMTVETDYCL,HUMAN,PSP,STE
Q13153,PAK1,Q92974-2,885,S,PVDPRRRSLPAGDAL,HUMAN,PSP,STE
Q13153,PAK1,O14965,342,S,QETYKRISRVEFTFP,HUMAN,PSP,STE
Q13153,PAK1,P16949,38,S,SVPEFPLSPPKKKDL,HUMAN,PSP,STE
Q13153,PAK1,Q9Y2X7,700,S,PALEPVRSSLRLLNA,HUMAN,PSP,STE
Q13153,PAK1,P42230,779,S,DSLDARLSPPAGLFT,HUMAN,PSP,STE
Q13153,PAK1,Q15365,127,T,IKEIRESTGAQVQVA,HUMAN,PSP,STE
Q13153,PAK1,P28740-1,187,T,LDYRPLTTADPIDEH,HUMAN,PSP,STE
Q13153,PAK1,P35240,518,S,DTDMKRLSMEIEKEK,HUMAN,PSP,STE
Q13153,PAK1,Q9UQ80,261,T,QYGLKMKTSRAFFSE,HUMAN,PSP,STE
Q13153,PAK1,Q13761,209,T,ERLRMRVTPSTPSPR,HUMAN,PSP,STE
Q13153,PAK1,P52565,101,S,LESFKKQSFVLKEGV,HUMAN,PSP,STE
Q13153,PAK1,P16949,16,S,KELEKRASGQAFELI,HUMAN,PSP,STE
Q13153,PAK1,Q02750,298,S,RTPGRPLSSYGMDSR,HUMAN,PSP,STE
Q13153,PAK1,Q92934,99,S,PFRGRSRSAPPNLWA,HUMAN,PSP,STE
Q13153,PAK1,Q99661,111,S,KESLRSRSTRMSTVS,HUMAN,PSP,STE
Q13153,PAK1,O14965,288,T,APSSRRTTLCGTLDY,HUMAN,PSP,STE
Q13153,PAK1,Q9Z206,153,S,TPTKRRSSALWSEML,HUMAN,PSP,STE
Q13153,PAK1,P05625,339,S,PRGQRDSSYYWEIEA,HUMAN,PSP,STE
Q13153,PAK1,Q13153,199,S,PRPEHTKSVYTRSVI,HUMAN,PSP,STE
Q13153,PAK1,Q13418,246,S,CPRLRIFSHPNVLPV,HUMAN,PSP,STE
Q13153,PAK1,Q92934,75,S,EIRSRHSSYPAGTED,HUMAN,PSP,STE
Q13153,PAK1,A0MZ67,249,S,QNKLKRQSHLLLQSS,HUMAN,PSP,STE
Q13153,PAK1,Q99661,192,S,VNSVRRKSCLVKEVE,HUMAN,PSP,STE
Q13153,PAK1,P18669,23,S,WNLENRFSGWYDADL,HUMAN,PSP,STE
Q13153,PAK1,P78545,207,S,GTGASRSSHSSDSGG,HUMAN,PSP,STE
Q13153,PAK1,O70250,118,S,QVKIWRRSFDTPPPP,HUMAN,PSP,STE
Q13153,PAK1,Q06806,794,T,LHRRRTFTYQSGSGE,HUMAN,PSP,STE
Q13153,PAK1,Q14247,113,S,SKLSKHCSQVDSVRG,HUMAN,PSP,STE
Q13153,PAK1,Q92934,118,S,GRELRRMSDEFVDSF,HUMAN,PSP,STE
Q13153,PAK1,Q9Y2X7,508,S,RRDRQAFSMYEPGSA,HUMAN,PSP,STE
Q13153,PAK1,Q13352,28,S,SKITRKKSVITYSPT,HUMAN,PSP,STE
Q13153,PAK1,Q92934,74,S,VEIRSRHSSYPAGTE,HUMAN,PSP,STE
Q13153,PAK1,P21333,2152,S,TRRRRAPSVANVGSH,HUMAN,PSP,STE
Q13153,PAK1,P05625,338,S,RPRGQRDSSYYWEIE,HUMAN,PSP,STE
Q13153,PAK1,O43623,251,S,KNCSKTFSRMSLLHK,HUMAN,PSP,STE
Q13153,PAK1,P21333,2370,S,AIDAKVHSPSGALEE,HUMAN,PSP,STE
Q13153,PAK1,P15056,446,S,KTLGRRDSSDDWEIP,HUMAN,PSP,STE
Q13153,PAK1,Q10728,697,T,ARQSRRSTQGVTLTD,HUMAN,PSP,STE
Q13153,PAK1,P18669,118,S,QVKIWRRSYDVPPPP,HUMAN,PSP,STE
Q13153,PAK1,Q91XC0,172,T,SRPCSNRTSGISMGY,HUMAN,PSP,STE
Q13153,PAK1,Q99MC0,38,T,QKRHARVTVKYDRRE,HUMAN,PSP,STE
Q13153,PAK1,Q96T58,3486,S,QPAPKQDSSPHLTSQ,HUMAN,PSP,STE
Q13153,PAK1,Q14247,418,S,TEERLPSSPVYEDAA,HUMAN,PSP,STE
Q13153,PAK1,P28740-1,479,S,PHTPFRASKLTQVLR,HUMAN,PSP,STE
Q13153,PAK1,P28740-1,488,S,LTQVLRDSFIGENSR,HUMAN,PSP,STE
Q13153,PAK1,Q9Z206,152,S,PTPTKRRSSALWSEM,HUMAN,PSP,STE
Q13153,PAK1,Q13153,144,S,SNSQKYMSFTDKSAE,HUMAN,PSP,STE
Q13153,PAK1,Q70Z35,1107,S,DTISNRDSYSDCNSN,HUMAN,PSP,STE
Q13153,PAK1,Q61337,136,S,PFRGRSRSAPPNLWA,HUMAN,PSP,STE
Q13153,PAK1,Q13418,173,T,DTFWKGTTRTRPRNG,HUMAN,PSP,STE
Q13153,PAK1,Q13363,158,S,REGTRVQSVEQIREV,HUMAN,PSP,STE
Q13153,PAK1,Q13153,423,T,PEQSKRSTMVGTPYW,HUMAN,PSP,STE
Q13153,PAK1,Q8IYU2,385,S,LMKNKRDSTEITSIL,HUMAN,PSP,STE
Q13153,PAK1,P03372,305,S,IKRSKKNSLALSLTA,HUMAN,PSP,STE
Q13153,PAK1,Q15746,1772,S,SGLSGRKSSTGSPTS,HUMAN,PSP,STE
Q13153,PAK1,P28740-1,186,T,SLDYRPLTTADPIDE,HUMAN,PSP,STE
Q13153,PAK1,O55043,526,T,EFAVRKSTAALEEDA,HUMAN,PSP,STE
Q13153,PAK1,Q92934,134,S,KGLPRPKSAGTATQM,HUMAN,PSP,STE
Q13153,PAK1,P08670,56,S,SRSLYASSPGGVYAT,HUMAN,PSP,STE
Q13153,PAK1,Q9H1Y0,101,T,SALPWNITVHFKSFP,HUMAN,PSP,STE
Q13153,PAK1,P58012,263,S,GPYTRVQSMALPPGV,HUMAN,PhosphoELM,STE
Q13153,PAK1,Q92974,885,S,PVDPRRRSSPQAMPC,HUMAN,PhosphoELM,STE
Q13153,PAK1,ENSP00000248996,16,S,EKEAARRSRRIDRHL,HUMAN,PhosphoELM,STE
Q13153,PAK1,ENSP00000357298,887,S,PVDPRRRSLPAGDAL,HUMAN,PhosphoELM,STE
Q13153,PAK1,Q5VY93,887,S,PVDPRRRSLPAGDAL,HOMO SAPIENS,GPS,STE
Q13153,PAK1,Q13153,57,S,KKDRFYRSILPGDKT,HOMO SAPIENS,GPS,STE
Q13153,PAK1,P84243,11,S,TKQTARKSTGGKAPR,HOMO SAPIENS,GPS,STE
O88643,PAK1,Q61337,112,S,ETRSRHSSYPAGTEE,MOUSE,Uniprot,STE
O88643,PAK1,Q61337,136,S,PFRGRSRSAPPNLWA,MOUSE,Uniprot,STE
O88643,PAK1,Q6P5G0,186,S,YSHKGYLSEGLVTKW,MOUSE,Uniprot,STE
O88643,PAK1,Q61532,189,S,YSHKGHLSEGLVTKW,MOUSE,Uniprot,STE
O88643,PAK1,Q9CQ19,20,S,KRPQRATSNVFAMFD,MOUSE,Uniprot,STE
O88643,PAK1,Q9D0F9,467,T,SANDKVYTVEKADNF,MOUSE,Uniprot,STE
O88643,PAK1,Q99N57,338,S,RPRGQRDSSYYWEIE,MOUSE,Uniprot,STE
O88643,PAK1,Q99N57,339,S,PRGQRDSSYYWEIEA,MOUSE,Uniprot,STE
O88643,PAK1,Q8K2Q9,101,S,NKTLKRISMLYMAKL,MOUSE,Uniprot,STE
O88643,PAK1,Q9D1E6,65,S,GADDKFYSKLDQEDA,MOUSE,Uniprot,STE
O88643,PAK1,Q9D1E6,128,S,VRSFMKRSKLGPYNE,MOUSE,Uniprot,STE
O88643,PAK1,O15143,21,T,HAWNKDRTQIAICPN,MOUSE,PSP,STE
O88643,PAK1,P63168,88,S,VAILLFKSG******,MOUSE,PSP,STE
O88643,PAK1,P08670,66,S,GVYATRSSAVRLRSS,MOUSE,PSP,STE
O88643,PAK1,P08670,51,S,LRPSTSRSLYASSPG,MOUSE,PSP,STE
O88643,PAK1,P42230,779,S,DSLDARLSPPAGLFT,MOUSE,PSP,STE
O88643,PAK1,O88643,21,S,APPMRNTSTMIGAGS,MOUSE,PSP,STE
O88643,PAK1,P08670,73,S,SAVRLRSSVPGVRLL,MOUSE,PSP,STE
O88643,PAK1,P08670,39,S,TTSTRTYSLGSALRP,MOUSE,PSP,STE
O88643,PAK1,P08670,26,S,GTASRPSSSRSYVTT,MOUSE,PSP,STE
O88643,PAK1,Q91VC7,38,T,QKRHARVTVKYDRRE,MOUSE,PhosphoELM,STE
O88643,PAK1,P19785,309,S,IKHTKKNSPALSLTA,MUS MUSCULUS,GPS,STE
P35465,PAK1,O35147,137,S,PFRGRSRSAPPNLWA,RAT,Uniprot,STE
P35465,PAK1,P53669,508,T,PDRKKRYTVVGNPYW,RAT,Uniprot,STE
P35465,PAK1,P27704,189,S,YSHKGHLSEGLVTKW,RAT,Uniprot,STE
P35465,PAK1,Q64122,20,S,KRPQSATSNVFAMFD,RAT,Uniprot,STE
P35465,PAK1,P38652,467,T,SANDKVYTVEKADNF,RAT,Uniprot,STE
P35465,PAK1,P11345,338,S,RPRGQRDSSYYWEIE,RAT,Uniprot,STE
P35465,PAK1,P11345,339,S,PRGQRDSSYYWEIEA,RAT,Uniprot,STE
P35465,PAK1,A0MZ67,101,S,NKTLKRISMLYMAKL,RAT,Uniprot,STE
P35465,PAK1,A0MZ67,249,S,QNKLKRQSHLLLQSS,RAT,Uniprot,STE
P35465,PAK1,Q63648,514,S,DTDMKRLSMEIEKEK,RAT,PSP,STE
P35465,PAK1,P35465,21,S,APPMRNTSTMIGAGS,RAT,PSP,STE
P35465,PAK1,P09951,9,S,NYLRRRLSDSNFMAN,RAT,PSP,STE
P35465,PAK1,P09951,603,S,AGPIRQASQAGPGPR,RAT,PSP,STE
P35465,PAK1,P35465,422,T,PEQSKRSTMVGTPYW,RAT,PSP,STE
P35465,PAK1,P35465,198,S,PRPEHTKSVYTRSVI,RAT,PSP,STE
P35465,PAK1,P17599,551,S,PATRPPASPSPQRQA,RAT,PSP,STE
P35465,PAK1,P35465,203,S,TKSVYTRSVIEPLPV,RAT,PSP,STE
P35465,PAK1,Q01986,298,S,RTPGRPLSSYGMDSR,RAT,PSP,STE
P35465,PAK1,P17599,605,S,AGPTRQASQAGPMPR,RAT,PSP,STE
P35465,PAK1,P17599,9,S,NYLRRRLSDSNFMAN,RAT,PSP,STE
P35465,PAK1,Q9WTQ1,203,S,GVRRRRLSNVSLTGL,RAT,PSP,STE
P35465,PAK1,P35465,144,S,SNSQKYMSFTDKSAE,RAT,PSP,STE
P35465,PAK1,Q8IYU2,385,S,LMKNKRDSTEITSIL,RAT,PSP,STE
P35465,PAK1,Q62925,67,S,QQLRKVRSVELDQLP,RAT,PhosphoELM,STE
P35465,PAK1,Q10728,697,T,ARQSRRSTQGVTLTD,RAT,PhosphoELM,STE
P35465,PAK1,P21818,50,S,KQINKRASGQAFELI,RATTUS NORVEGICUS,GPS,STE
Q13177,PAK2,P00519,618,S,APTPPKRSSSFREMD,HUMAN,Uniprot,STE
Q13177,PAK2,P00519,619,S,PTPPKRSSSFREMDG,HUMAN,Uniprot,STE
Q13177,PAK2,P62805,48,S,RGGVKRISGLIYEET,HUMAN,Uniprot,STE
Q13177,PAK2,P05412,2,T,******MTAKMETTF,HUMAN,Uniprot,STE
Q13177,PAK2,P05412,8,T,MTAKMETTFYDDALN,HUMAN,Uniprot,STE
Q13177,PAK2,P05412,89,T,QSSNGHITTTPTPTQ,HUMAN,Uniprot,STE
Q13177,PAK2,P05412,93,T,GHITTTPTPTQFLCP,HUMAN,Uniprot,STE
Q13177,PAK2,P05412,286,T,RLEEKVKTLKAQNSE,HUMAN,Uniprot,STE
Q13177,PAK2,P31152,186,S,YSHKGYLSEGLVTKW,HUMAN,Uniprot,STE
Q13177,PAK2,Q16659,189,S,YSHKGHLSEGLVTKW,HUMAN,Uniprot,STE
Q13177,PAK2,P04049,338,S,RPRGQRDSSYYWEIE,HUMAN,Uniprot,STE
Q13177,PAK2,P04049,339,S,PRGQRDSSYYWEIEA,HUMAN,Uniprot,STE
Q13177,PAK2,P29294,991,S,VRAIGRLSSMAMISG,HUMAN,PSP,STE
Q13177,PAK2,P01106,373,S,RRNELKRSFFALRDQ,HUMAN,PSP,STE
Q13177,PAK2,Q53QZ3,292,S,KVCERENSTVPWFVK,HUMAN,PSP,STE
Q13177,PAK2,P62805,47,S,RGGVKRISGLIYEET,HUMAN,PSP,STE
Q13177,PAK2,Q05682,744,S,GLKVGVSSRINEWLT,HUMAN,PSP,STE
Q13177,PAK2,P01106,358,T,EENVKRRTHNVLERQ,HUMAN,PSP,STE
Q13177,PAK2,Q99523,793,S,RFLVHRYSVLQQHAE,HUMAN,PSP,STE
Q13177,PAK2,Q5XI73,101,S,LESFKKQSFVLKEGV,HUMAN,PSP,STE
Q13177,PAK2,O08605,34,T,RRKKKRKTRATDSLP,HUMAN,PSP,STE
Q13177,PAK2,P55210,239,S,WRSPGRGSWFVQALC,HUMAN,PSP,STE
Q13177,PAK2,Q13177,192,S,PRPDHTKSIYTRSVI,HUMAN,PSP,STE
Q13177,PAK2,P29294,439,S,MKSRRPKSSLPPVLG,HUMAN,PSP,STE
Q13177,PAK2,Q13177,141,S,TVKQKYLSFTPPEKD,HUMAN,PSP,STE
Q13177,PAK2,Q15796,467,S,SVRCSSMS*******,HUMAN,PSP,STE
Q13177,PAK2,P35240,518,S,DTDMKRLSMEIEKEK,HUMAN,PSP,STE
Q13177,PAK2,Q15796,417,S,RMCTIRMSFVKGWGA,HUMAN,PSP,STE
Q13177,PAK2,Q04637,895,S,RDIARRRSLGNIKFI,HUMAN,PSP,STE
Q13177,PAK2,Q53QZ3,4,S,****MQKSTNSDTSV,HUMAN,PSP,STE
Q13177,PAK2,P17599,551,S,PATRPPASPSPQRQA,HUMAN,PSP,STE
Q13177,PAK2,Q53QZ3,43,S,DRLSQSKSMILTDVG,HUMAN,PSP,STE
Q13177,PAK2,Q13177,402,T,PEQSKRSTMVGTPYW,HUMAN,PSP,STE
Q13177,PAK2,Q5XI73,34,S,YKPPAQKSIQEIQEL,HUMAN,PSP,STE
Q13177,PAK2,Q15796,465,S,SPSVRCSSMS*****,HUMAN,PSP,STE
Q13177,PAK2,P01106,400,T,VVILKKATAYILSVQ,HUMAN,PSP,STE
Q13177,PAK2,P49023,272,S,ELDELMASLSDFKIQ,HUMAN,PSP,STE
Q13177,PAK2,P55210,30,S,DAKPDRSSFVPSLFS,HUMAN,PSP,STE
Q13177,PAK2,Q05682,714,S,EGVRNIKSMWEKGNV,HUMAN,PSP,STE
Q13177,PAK2,Q53QZ3,41,S,HHDRLSQSKSMILTD,HUMAN,PSP,STE
Q13177,PAK2,P49023,274,S,DELMASLSDFKIQGL,HUMAN,PSP,STE
Q13177,PAK2,Q13177,197,S,TKSIYTRSVIDPVPA,HUMAN,PSP,STE
Q13177,PAK2,P55210,173,T,FRGDRCKTLLEKPKL,HUMAN,PSP,STE
Q13177,PAK2,O08605,39,S,RKTRATDSLPGKFED,HUMAN,PSP,STE
Q13177,PAK2,P17599,605,S,AGPTRQASQAGPMPR,HUMAN,PSP,STE
Q13177,PAK2,Q15796,464,S,GSPSVRCSSMS****,HUMAN,PSP,STE
Q13177,PAK2,P17599,9,S,NYLRRRLSDSNFMAN,HUMAN,PSP,STE
Q13177,PAK2,Q70Z35,1107,S,DTISNRDSYSDCNSN,HUMAN,PSP,STE
Q13177,PAK2,Q8IYU2,385,S,LMKNKRDSTEITSIL,HUMAN,PSP,STE
Q13177,PAK2,P24844,20,S,KRPQRATSNVFAMFD,HUMAN,PhosphoELM,STE
Q13177,PAK2,P01236,207,S,LHCLRRDSHKIDNYL,HUMAN,PhosphoELM,STE
Q8CIN4,PAK2,P00520,618,S,APTPPKRSSSFREMD,MOUSE,Uniprot,STE
Q8CIN4,PAK2,P00520,619,S,PTPPKRSSSFREMDG,MOUSE,Uniprot,STE
Q8CIN4,PAK2,Q61337,112,S,ETRSRHSSYPAGTEE,MOUSE,Uniprot,STE
Q8CIN4,PAK2,P05627,2,T,******MTAKMETTF,MOUSE,Uniprot,STE
Q8CIN4,PAK2,P05627,8,T,MTAKMETTFYDDALN,MOUSE,Uniprot,STE
Q8CIN4,PAK2,P05627,89,T,QSSNGHITTTPTPTQ,MOUSE,Uniprot,STE
Q8CIN4,PAK2,P05627,93,T,GHITTTPTPTQFLCP,MOUSE,Uniprot,STE
Q8CIN4,PAK2,P05627,289,T,RLEEKVKTLKAQNSE,MOUSE,Uniprot,STE
Q8CIN4,PAK2,Q6P5G0,186,S,YSHKGYLSEGLVTKW,MOUSE,Uniprot,STE
Q8CIN4,PAK2,Q61532,189,S,YSHKGHLSEGLVTKW,MOUSE,Uniprot,STE
Q8CIN4,PAK2,O08605,34,T,RRKKKRKTRATDSLP,MOUSE,Uniprot,STE
Q8CIN4,PAK2,O08605,39,S,RKTRATDSLPGKFED,MOUSE,Uniprot,STE
Q8CIN4,PAK2,Q99N57,338,S,RPRGQRDSSYYWEIE,MOUSE,Uniprot,STE
Q8CIN4,PAK2,Q99N57,339,S,PRGQRDSSYYWEIEA,MOUSE,Uniprot,STE
Q8CIN4,PAK2,P01108,373,S,RRNELKRSFFALRDQ,MOUSE,PSP,STE
Q8CIN4,PAK2,P01108,358,T,EENDKRRTHNVLERQ,MOUSE,PSP,STE
Q8CIN4,PAK2,P01108,400,T,VVILKKATAYILSIQ,MOUSE,PSP,STE
Q29502,PAK2,Q29502,192,S,PRPDHTKSIYTRSVI,RABBIT,PSP,STE
Q29502,PAK2,Q29502,20,S,APPVRMSSTIFSTGG,RABBIT,PSP,STE
Q29502,PAK2,Q29502,402,T,PEQSKRSTMVGTPYW,RABBIT,PSP,STE
Q29502,PAK2,Q29502,55,S,KPRNKIISIFSGTEK,RABBIT,PSP,STE
Q29502,PAK2,Q29502,19,S,PAPPVRMSSTIFSTG,RABBIT,PSP,STE
Q29502,PAK2,Q29502,141,S,TVKQKYLSFTPPEKD,RABBIT,PSP,STE
Q29502,PAK2,Q29502,165,S,NTKVSETSAVVTEED,RABBIT,PSP,STE
Q29502,PAK2,Q29502,197,S,TKSIYTRSVIDPIPA,RABBIT,PSP,STE
Q64303,PAK2,P17325,2,T,******MTAKMETTF,RAT,Uniprot,STE
Q64303,PAK2,P17325,8,T,MTAKMETTFYDDALN,RAT,Uniprot,STE
Q64303,PAK2,P17325,89,T,QSSNGHITTTPTPTQ,RAT,Uniprot,STE
Q64303,PAK2,P17325,93,T,GHITTTPTPTQFLCP,RAT,Uniprot,STE
Q64303,PAK2,P17325,289,T,RLEEKVKTLKAQNSE,RAT,Uniprot,STE
Q64303,PAK2,P27704,189,S,YSHKGHLSEGLVTKW,RAT,Uniprot,STE
Q64303,PAK2,Q4G050,22,T,RRKKKRKTRATDSLP,RAT,Uniprot,STE
Q64303,PAK2,Q4G050,27,S,RKTRATDSLPGKFED,RAT,Uniprot,STE
Q64303,PAK2,P11345,338,S,RPRGQRDSSYYWEIE,RAT,Uniprot,STE
Q64303,PAK2,P11345,339,S,PRGQRDSSYYWEIEA,RAT,Uniprot,STE
Q64303,PAK2,Q01986,298,S,RTPGRPLSSYGMDSR,RAT,PSP,STE
Q64303,PAK2,Q9WTQ1,203,S,GVRRRRLSNVSLTGL,RAT,PSP,STE
Q64303,PAK2,P01237,206,S,IRCLRRDSHKVDNYL,RAT,PSP,STE
Q64303,PAK2,P01236,207,S,LHCLRRDSHKIDNYL,RAT,PSP,STE
Q64303,PAK2,P01237,178,S,NEIYLVWSQLPSLQG,RAT,PhosphoELM,STE
O75914,PAK3,P31152,186,S,YSHKGYLSEGLVTKW,HUMAN,Uniprot,STE
O75914,PAK3,Q16659,189,S,YSHKGHLSEGLVTKW,HUMAN,Uniprot,STE
O75914,PAK3,P04049,338,S,RPRGQRDSSYYWEIE,HUMAN,Uniprot,STE
O75914,PAK3,P04049,339,S,PRGQRDSSYYWEIEA,HUMAN,Uniprot,STE
O75914,PAK3,P19429,150,S,TLRRVRISADAMMQA,HUMAN,Uniprot,STE
O75914,PAK3,Q29122,406,T,TAGGAKGTVIKVPLK,HUMAN,PSP,STE
O75914,PAK3,P19490,863,S,TSTLPRNSGAGASGG,HUMAN,PSP,STE
O75914,PAK3,P12957,702,S,GLKVGVSSRINEWLT,HUMAN,PSP,STE
O75914,PAK3,P12957,672,S,EGVRNIKSMWEKGNV,HUMAN,PSP,STE
O75914,PAK3,Q01986,298,S,RTPGRPLSSYGMDSR,HUMAN,PSP,STE
O75914,PAK3,O75914-2,421,T,PEQSKRSTMVGTPYW,HUMAN,PhosphoELM,STE
O75914,PAK3,O75914-2,139,S,VNNQKYMSFTSGDKS,HUMAN,PhosphoELM,STE
Q61036,PAK3,Q6P5G0,186,S,YSHKGYLSEGLVTKW,MOUSE,Uniprot,STE
Q61036,PAK3,Q61532,189,S,YSHKGHLSEGLVTKW,MOUSE,Uniprot,STE
Q61036,PAK3,Q99N57,338,S,RPRGQRDSSYYWEIE,MOUSE,Uniprot,STE
Q61036,PAK3,Q99N57,339,S,PRGQRDSSYYWEIEA,MOUSE,Uniprot,STE
Q61036,PAK3,Q60598,113,S,SKLSKHCSQVDSVRG,MOUSE,PSP,STE
Q61036,PAK3,Q60598,282,S,VQSERQDSSAVGFDY,MOUSE,PSP,STE
Q61036,PAK3,P12957,702,S,GLKVGVSSRINEWLT,MOUSE,PSP,STE
Q61036,PAK3,Q60598,150,S,GKTEKHASQKDYSSG,MOUSE,PSP,STE
Q61036,PAK3,P12957,672,S,EGVRNIKSMWEKGNV,MOUSE,PSP,STE
Q61036,PAK3,Q64331,406,T,TAGGTKGTVIKVPLK,MOUSE,PhosphoELM,STE
Q61036,STK4,Q8BPB0,35,T,LLKHAEATLGSGNLR,MUS MUSCULUS,GPS,STE
Q61036,STK4,P10854,15,S,APAPKKGSKKAVTKA,MUS MUSCULUS,GPS,STE
Q61036,STK4,Q64475,15,S,APAPKKGSKKAISKA,MUS MUSCULUS,GPS,STE
Q61036,STK4,Q64525,15,S,APAPKKGSKKAVTKV,MUS MUSCULUS,GPS,STE
Q61036,STK4,Q8CGP1,15,S,APAPKKGSKKAVTKA,MUS MUSCULUS,GPS,STE
Q61036,STK4,Q8CGP0,15,S,APAPKKGSKKAVTKA,MUS MUSCULUS,GPS,STE
Q61036,STK4,P10853,15,S,APAPKKGSKKAVTKA,MUS MUSCULUS,GPS,STE
Q61036,STK4,Q6ZWY9,15,S,APAPKKGSKKAVTKA,MUS MUSCULUS,GPS,STE
Q61036,STK4,Q8CGP2,15,S,VPAPKKGSKKAVTKA,MUS MUSCULUS,GPS,STE
Q61036,STK4,Q64478,15,S,APAPKKGSKKALTKA,MUS MUSCULUS,GPS,STE
Q61036,STK4,Q9D2U9,15,S,TPAPKKGSKKAITKA,MUS MUSCULUS,GPS,STE
Q61036,STK4,Q64524,15,S,APAPKKGSKKAVTKA,MUS MUSCULUS,GPS,STE
Q62829,PAK3,P27704,189,S,YSHKGHLSEGLVTKW,RAT,Uniprot,STE
Q62829,PAK3,P11345,338,S,RPRGQRDSSYYWEIE,RAT,Uniprot,STE
Q62829,PAK3,P11345,339,S,PRGQRDSSYYWEIEA,RAT,Uniprot,STE
Q62829,PAK3,P23693,151,S,TLRRVRISADAMMQA,RAT,Uniprot,STE
Q62829,PAK3,Q62829,50,S,NKKARLRSIFPGGGD,RAT,PSP,STE
Q62829,PAK3,Q62829,421,T,PEQSKRSTMVGTPYW,RAT,PSP,STE
Q62829,PAK3,P19490,863,S,TSTLPRNSGAGASGG,RAT,PSP,STE
Q62829,PAK3,P17599,551,S,PATRPPASPSPQRQA,RAT,PSP,STE
Q62829,PAK3,Q64331,406,T,TAGGTKGTVIKVPLK,RAT,PSP,STE
Q62829,PAK3,Q01986,298,S,RTPGRPLSSYGMDSR,RAT,PSP,STE
Q62829,PAK3,P17599,605,S,AGPTRQASQAGPMPR,RAT,PSP,STE
Q62829,PAK3,Q62829,139,S,VNNQKYMSFTSGDKS,RAT,PSP,STE
Q62829,PAK3,P17599,9,S,NYLRRRLSDSNFMAN,RAT,PSP,STE
Q62829,PAK3,P04049,338,S,RPRGQRDSSYYWEIE,RAT,PSP,STE
O96013,PAK4,Q92974,143,S,GSRRGRSSLSLAKSV,HUMAN,Uniprot,STE
O96013,PAK4,Q92974,896,S,AGDALYLSFNPPQPS,HUMAN,Uniprot,STE
O96013,PAK4,P35222,675,S,QDYKKRLSVELTSSL,HUMAN,PSP,STE
O96013,PAK4,O43623,254,S,SKTFSRMSLLHKHEE,HUMAN,PSP,STE
O96013,PAK4,O00401,484,S,KRSKAIHSSDEDEDE,HUMAN,PSP,STE
O96013,PAK4,P49023-2,272,S,ELDELMASLSDFKFM,HUMAN,PSP,STE
O96013,PAK4,P28698,27,S,VMVKLEDSEEEGEAA,HUMAN,PSP,STE
O96013,PAK4,Q92974-2,885,S,PVDPRRRSLPAGDAL,HUMAN,PSP,STE
O96013,PAK4,Q157S1,215,S,KAGSRPKSCEVPGIN,HUMAN,PSP,STE
O96013,PAK4,Q93045,50,S,KQINKRASGQAFELI,HUMAN,PSP,STE
O96013,PAK4,O43623,158,S,CDAQSRKSFSCKYCD,HUMAN,PSP,STE
O96013,PAK4,O96013,474,S,KEVPRRKSLVGTPYW,HUMAN,PSP,STE
O96013,PAK4,Q01196,207,T,ELEQLRRTAMRVSPH,HUMAN,PSP,STE
O96013,PAK4,P18084,759,S,REFAKFQSERSRARY,HUMAN,PSP,STE
O96013,PAK4,O00401,485,S,RSKAIHSSDEDEDED,HUMAN,PSP,STE
O96013,PAK4,P18084,762,S,AKFQSERSRARYEMA,HUMAN,PSP,STE
O96013,PAK4,P07954,46,S,PNAARMASQNSFRIE,HUMAN,PSP,STE
O96013,PAK4,P62826,135,S,DRKVKAKSIVFHRKK,HUMAN,PSP,STE
O96013,PAK4,P04637,215,S,DRNTFRHSVVVPYEP,HUMAN,PSP,STE
O96013,PAK4,P53667,508,T,PDRKKRYTVVGNPYW,HUMAN,PSP,STE
O96013,PAK4,P03372,305,S,IKRSKKNSLALSLTA,HUMAN,PSP,STE
Q8BTW9,PAK4,Q60875,143,S,GSRRGLSSLSLAKSV,MOUSE,Uniprot,STE
Q8BTW9,PAK4,Q60875,895,S,AGDALYLSFNPPQPS,MOUSE,Uniprot,STE
Q8BTW9,PAK4,Q61337,112,S,ETRSRHSSYPAGTEE,MOUSE,Uniprot,STE
Q8BTW9,PAK4,Q3THE2,20,S,KRPQRATSNVFAMFD,MOUSE,PSP,STE
Q8BTW9,PAK4,Q8BTW9,476,S,KEVPRRKSLVGTPYW,MUS MUSCULUS,GPS,STE
Q8BTW9,PAK4,Q61337,136,S,PFRGRSRSAPPNLWA,MUS MUSCULUS,GPS,STE
Q9P286,PAK5,O60716,288,S,GLEDDQRSMGYDDLD,HUMAN,Uniprot,STE
Q9P286,PAK5,P04049,338,S,RPRGQRDSSYYWEIE,HUMAN,Uniprot,STE
Q9P286,PAK5,Q9P286,573,S,HRDIKSDSILLTSDG,HUMAN,PSP,STE
Q9P286,PAK5,P15923,39,S,NGKGRPASLAGAQFG,HUMAN,PSP,STE
Q9P286,PAK5,Q9ULA0-2,109,S,VKRRSRRSQVGFQQV,HUMAN,PSP,STE
Q9P286,PAK5,P15976,161,S,SSLPVPNSAYGGPDF,HUMAN,PSP,STE
Q9P286,PAK5,P15976,187,S,LNSAAYSSPKLRGTL,HUMAN,PSP,STE
Q9P286,PAK7,P04049,338,S,RPRGQRDSSYYWEIE,HOMO SAPIENS,GPS,STE
Q9P286,PAK7,Q6RBX8,288,S,GLEDDQRSMGYDDLD,HOMO SAPIENS,GPS,STE
Q8C015,PAK5,Q61337,112,S,ETRSRHSSYPAGTEE,MOUSE,Uniprot,STE
Q8C015,PAK5,Q99N57,338,S,RPRGQRDSSYYWEIE,MOUSE,Uniprot,STE
D4A280,PAK5,P11345,338,S,RPRGQRDSSYYWEIE,RAT,Uniprot,STE
Q9NQU5,PAK6,Q9BY11,346,S,SQAGDRGSVSSYDRG,HUMAN,PSP,STE
Q9NQU5,PAK6,Q00987,186,S,RQRKRHKSDSISLSF,HUMAN,PSP,STE
Q9NQU5,PAK6,Q00987,158,T,HLVSRPSTSSRRRAI,HUMAN,PSP,STE
Q9NQU5,PAK6,P56545,164,S,REGTRVQSVEQIREV,HUMAN,PSP,STE
Q9NQU5,PAK6,P10275,579,S,YGALTCGSCKVFFKR,HUMAN,PSP,STE
Q9NQU5,PAK6,Q13363,100,S,RIIVRIGSGFDNIDI,HUMAN,PSP,STE
Q9NQU5,PAK6,P53667,508,T,PDRKKRYTVVGNPYW,HUMAN,PSP,STE
Q9NQU5,PAK6,Q13363,158,S,REGTRVQSVEQIREV,HUMAN,PSP,STE
Q3ULB5,PAK6,P53667,508,T,PDRKKRYTVVGNPYW,MOUSE,PSP,STE
Q925D6,MAP2K6,Q63538,183,T,RQADSEMTGYVVTRW,RATTUS NORVEGICUS,GPS,STE
Q925D6,MAP2K6,Q63538,185,Y,ADSEMTGYVVTRWYR,RATTUS NORVEGICUS,GPS,STE
Q9H2G2,SLK,Q14203,145,T,KAPTARKTTTRRPKP,HUMAN,Uniprot,STE
Q9H2G2,SLK,Q14203,146,T,APTARKTTTRRPKPT,HUMAN,Uniprot,STE
Q9H2G2,SLK,Q14203,147,T,PTARKTTTRRPKPTR,HUMAN,Uniprot,STE
Q9H2G2,SLK,P49023,250,S,SSPQRVTSTQQQTRI,HUMAN,Uniprot,STE
Q9H2G2,SLK,Q9H2G2,183,T,VSAKNTRTIQRRDSF,HUMAN,PSP,STE
Q9H2G2,SLK,Q8VI36,250,S,SSPQRVTSSQQQTRI,HUMAN,PSP,STE
Q9H2G2,SLK,Q9H2G2,189,S,RTIQRRDSFIGTPYW,HUMAN,PSP,STE
O54988,SLK,Q8VI36,250,S,SSPQRVTSSQQQTRI,MOUSE,PSP,STE
O08815,SLK,P61589,188,S,ARRGKKKSGCLIL**,RAT,Uniprot,STE
P23561,STE11,P06784,363,T,LINSIADTFVGTSTY,SACCHAROMYCES CEREVISIAE,GPS,STE
Q03497,STE20,P23561,286,T,PPSEFISTNLAGYFP,SACCHAROMYCES CEREVISIAE,GPS,STE
Q03497,STE20,P23561,281,S,IFNQRPPSEFISTNL,SACCHAROMYCES CEREVISIAE,GPS,STE
Q03497,STE20,P02294,11,S,AAEKKPASKAPAEKK,SACCHAROMYCES CEREVISIAE,GPS,STE
Q03497,STE20,C7GVI6,357,S,SHGMKRGSVYHVPLN,SACCHAROMYCES CEREVISIAE,GPS,STE
Q03497,STE20,P23561,285,S,RPPSEFISTNLAGYF,SACCHAROMYCES CEREVISIAE,GPS,STE
E1BK52,STK10,Q2HJ49,558,T,LGRDKYKTLRQIRQG,BOVIN,Uniprot,STE
O94804,STK10,P26038,558,T,LGRDKYKTLRQIRQG,HUMAN,Uniprot,STE
O94804,LOK,P35241,564,T,AGRDKYKTLRQIRQG,HUMAN,PSP,STE
O94804,LOK,P15311,567,T,QGRDKYKTLRQIRQG,HUMAN,PSP,STE
O94804,LOK,P53350,210,T,YDGERKKTLCGTPNY,HUMAN,PSP,STE
O94804,LOK,P26038,558,T,LGRDKYKTLRQIRQG,HUMAN,PSP,STE
O94804,STK10,P53350,210,T,YDGERKKTLCGTPNY,HUMAN,PhosphoELM,STE
O94804,STK10,P15311,567,T,QGRDKYKTLRQIRQG,HOMO SAPIENS,GPS,STE
O94804,STK10,P35241,564,T,AGRDKYKTLRQIRQG,HOMO SAPIENS,GPS,STE
O55098,STK10,P26041,558,T,LGRDKYKTLRQIRQG,MOUSE,Uniprot,STE
O55098,LOK,P26041,558,T,LGRDKYKTLRQIRQG,MOUSE,PSP,STE
E9PTG8,STK10,O35763,558,T,LGRDKYKTLRQIRQG,RAT,Uniprot,STE
Q9Y6E0,MST3,Q9Y2H1,442,T,DWVFLNYTYKRFEGL,HUMAN,Uniprot,STE
Q9Y6E0,MST3,Q15208,444,T,DWVFINYTYKRFEGL,HUMAN,Uniprot,STE
Q9Y6E0,MST3,Q8TAE6,73,T,RHQQGKVTVKYDRKE,HUMAN,PSP,STE
Q9Y6E0,MST3,Q7L7X3,440,T,RNREHFATIRTASLV,HUMAN,PSP,STE
Q9Y6E0,MST3,P61006,72,T,AGQERFRTITTAYYR,HUMAN,PSP,STE
Q9Y6E0,MST3,Q9Y6E0,190,T,DTQIKRNTFVGTPFW,HUMAN,PSP,STE
Q9Y6E0,MST3,Q5F2E8,440,T,RNREHFATIRTASLV,HUMAN,PSP,STE
Q9Y6E0,MST3,Q6ZQ29,475,T,RNRDHFATIRTASLV,HUMAN,PSP,STE
Q9Y6E0,STK24,Q9Y2H1,442,T,DWVFLNYTYKRFEGL,HUMAN,PhosphoELM,STE
Q9Y6E0,STK24,Q9Y6E0,190,T,DTQIKRNTFVGTPFW,HOMO SAPIENS,GPS,STE
Q9Y6E0,STK24,Q15208,444,T,DWVFINYTYKRFEGL,HOMO SAPIENS,GPS,STE
Q9Y6E0,STK24,Q8TAE6,73,T,RHQQGKVTVKYDRKE,HOMO SAPIENS,GPS,STE
Q99KH8,MST3,Q7TSE6,442,T,DWVFLNYTYKRFEGL,MOUSE,Uniprot,STE
Q99KH8,MST3,Q91VJ4,444,T,DWVFINYTYKRFEGL,MOUSE,Uniprot,STE
Q99KH8,MST3,Q9QUI0,26,S,TCLLIVFSKDQFPEV,MOUSE,PSP,STE
Q99KH8,STK24,Q9QUI0,26,S,TCLLIVFSKDQFPEV,MUS MUSCULUS,GPS,STE
O00506,YSK1,Q9BSQ5,384,S,GRGIITDSFGRHRRA,HUMAN,PSP,STE
O00506,YSK1,Q9BUL8,43,T,VNLSAAQTLRAAFIK,HUMAN,PSP,STE
O00506,YSK1,Q9BUL8,39,S,ELERVNLSAAQTLRA,HUMAN,PSP,STE
O00506,STK25,O00506,174,T,DTQIKRNTFVGTPFW,HOMO SAPIENS,GPS,STE
O00506,STK25,Q9BUL8,43,T,VNLSAAQTLRAAFIK,HOMO SAPIENS,GPS,STE
O00506,STK25,Q9BUL8,39,S,ELERVNLSAAQTLRA,HOMO SAPIENS,GPS,STE
O00506,STK25,Q9BSQ5,384,S,GRGIITDSFGRHRRA,HOMO SAPIENS,GPS,STE
Q9Z2W1,STK25,Q9Z2W1,174,T,DTQIKRNTFVGTPFW,MUS MUSCULUS,GPS,STE
Q9P289,MST4,P15311,567,T,QGRDKYKTLRQIRQG,HUMAN,PSP,STE
Q9P289,MST4,P46937,94,S,RLRKLPDSFFKPPEP,HUMAN,PSP,STE
Q9P289,MST4,Q8TAE6,73,T,RHQQGKVTVKYDRKE,HUMAN,PSP,STE
Q9P289,MST4,P46937,83,T,KTANVPQTVPMRLRK,HUMAN,PSP,STE
Q9P289,MST4,Q8TDY4,545,T,HRFARRCTPEPQRLW,HUMAN,PSP,STE
Q9P289,MST4,P70196,494,T,LEALRQGTFIKDDTL,HUMAN,PSP,STE
Q9P289,MST4,P46937,77,T,NAVMNPKTANVPQTV,HUMAN,PSP,STE
Q9P289,MST4,Q9BUL8,43,T,VNLSAAQTLRAAFIK,HUMAN,PSP,STE
Q9P289,MST4,P70196,471,T,LLAFQRPTIPRNPKG,HUMAN,PSP,STE
Q9P289,MST4,P46937,41,T,GQPAPAATQAAPQAP,HUMAN,PSP,STE
Q9P289,MST4,Q9BUL8,39,S,ELERVNLSAAQTLRA,HUMAN,PSP,STE
Q9P289,MST4,P46937,110,T,SHSRQASTDAGTAGA,HUMAN,PSP,STE
Q9P289,MST4,Q9Y4P1,383,S,RLERFFDSEDEDFEI,HUMAN,PSP,STE
Q9P289,MST4,Q9P289,178,T,DTQIKRNTFVGTPFW,HOMO SAPIENS,GPS,STE
Q99JT2,MST4,P70196,494,T,LEALRQGTFIKDDTL,MOUSE,PSP,STE
Q99JT2,MST4,P70196,471,T,LLAFQRPTIPRNPKG,MOUSE,PSP,STE
Q13188,MST2,O95835,909,S,HQRCLAHSLVGTPNY,HUMAN,Uniprot,STE
Q13188,MST2,O95835,1079,T,EHAFYEFTFRRFFDD,HUMAN,Uniprot,STE
Q13188,MST2,Q9H8S9,74,T,QINMLYGTITEFCTE,HUMAN,Uniprot,STE
Q13188,MST2,P51955,356,S,ENLLKNYSLLKERKF,HUMAN,Uniprot,STE
Q13188,MST2,P51955,365,S,LKERKFLSLASNPEL,HUMAN,Uniprot,STE
Q13188,MST2,P51955,406,S,NSESQLTSKSKCKDL,HUMAN,Uniprot,STE
Q13188,MST2,P51955,438,S,EKNYQLKSRQILGMR,HUMAN,Uniprot,STE
Q13188,MST2,P17252,226,S,LNPQWNESFTFKLKP,HUMAN,PSP,STE
Q13188,MST2,P00519,735,T,DTEWRSVTLPRDLQS,HUMAN,PSP,STE
Q13188,MST2,Q7L9L4,74,T,QINMLYGTITDFCTE,HUMAN,PSP,STE
Q13188,MST2,Q9H4B6,36,S,LLRNLMPSFIRHGPT,HUMAN,PSP,STE
Q13188,MST2,Q9H8S9,35,T,LLKHAEATLGSGNLR,HUMAN,PSP,STE
Q13188,MST2,Q9H8S9,12,T,FSSRSSKTFKPKKNI,HUMAN,PSP,STE
Q13188,MST2,Q9CQV6,50,T,QLPVLDKTKFLVPDH,HUMAN,PSP,STE
Q13188,MST2,P68433,10,S,TKQTARKSTGGKAPR,HUMAN,PSP,STE
Q13188,MST2,P17252,228,T,PQWNESFTFKLKPSD,HUMAN,PSP,STE
Q13188,MST2,Q9H4B6,269,S,YRHPCAPSVPRYDQP,HUMAN,PSP,STE
Q13188,MST2,Q13188,378,T,DEEEEDGTMKRNATS,HUMAN,PSP,STE
Q13188,MST2,Q9H4B6,26,T,GKYVKKETSPLLRNL,HUMAN,PSP,STE
Q13188,MST2,O95835,967,T,MKVINWQTSLHIPPQ,HUMAN,PSP,STE
Q13188,MST2,P46937,127,S,PQHVRAHSSPASLQL,HUMAN,PSP,STE
Q13188,MST2,Q9H4B6,27,S,KYVKKETSPLLRNLM,HUMAN,PSP,STE
Q13188,MST2,O95835,1060,T,EEENVNDTLNGWYKN,HUMAN,PSP,STE
Q13188,MST2,Q9GZQ8,50,T,QLPVLDKTKFLVPDH,HUMAN,PSP,STE
Q13188,MST2,Q7L9L4,35,T,LLKHAEATLGSGNLR,HUMAN,PSP,STE
Q13188,MST2,P68433,28,S,ATKAARKSAPATGGV,HUMAN,PSP,STE
Q13188,MST2,Q13188,180,T,DTMAKRNTVIGTPFW,HUMAN,PSP,STE
Q13188,MST2,O95835,1012,T,KAHPFFKTIDFSSDL,HUMAN,PSP,STE
Q13188,MST2,O95835,872,S,GDHPRQDSMDFSNEW,HUMAN,PSP,STE
Q13188,MST2,Q7L9L4,12,T,FGSRSSKTFKPKKNI,HUMAN,PSP,STE
Q13188,STK3,Q9H4B6,36,S,LLRNLMPSFIRHGPT,HOMO SAPIENS,GPS,STE
Q13188,STK3,O95835,872,S,GDHPRQDSMDFSNEW,HOMO SAPIENS,GPS,STE
Q13188,STK3,P51955,438,S,EKNYQLKSRQILGMR,HOMO SAPIENS,GPS,STE
Q13188,STK3,P46937,127,S,PQHVRAHSSPASLQL,HOMO SAPIENS,GPS,STE
Q13188,STK3,P00519,735,T,DTEWRSVTLPRDLQS,HOMO SAPIENS,GPS,STE
Q13188,STK3,O95835,1012,T,KAHPFFKTIDFSSDL,HOMO SAPIENS,GPS,STE
Q13188,STK3,P51955,356,S,ENLLKNYSLLKERKF,HOMO SAPIENS,GPS,STE
Q13188,STK3,Q7L9L4,35,T,LLKHAEATLGSGNLR,HOMO SAPIENS,GPS,STE
Q13188,STK3,Q7L9L4,12,T,FGSRSSKTFKPKKNI,HOMO SAPIENS,GPS,STE
Q13188,STK3,Q9H8S9,35,T,LLKHAEATLGSGNLR,HOMO SAPIENS,GPS,STE
Q13188,STK3,Q13188,378,T,DEEEEDGTMKRNATS,HOMO SAPIENS,GPS,STE
Q13188,STK3,Q13188,180,T,DTMAKRNTVIGTPFW,HOMO SAPIENS,GPS,STE
Q13188,STK3,O95835,1079,T,EHAFYEFTFRRFFDD,HOMO SAPIENS,GPS,STE
Q13188,STK3,Q7L9L4,74,T,QINMLYGTITDFCTE,HOMO SAPIENS,GPS,STE
Q13188,STK3,P17252,228,T,PQWNESFTFKLKPSD,HOMO SAPIENS,GPS,STE
Q13188,STK3,Q9H8S9,12,T,FSSRSSKTFKPKKNI,HOMO SAPIENS,GPS,STE
Q13188,STK3,P17252,226,S,LNPQWNESFTFKLKP,HOMO SAPIENS,GPS,STE
Q13188,STK3,P51955,406,S,NSESQLTSKSKCKDL,HOMO SAPIENS,GPS,STE
Q13188,STK3,Q9H4B6,269,S,YRHPCAPSVPRYDQP,HOMO SAPIENS,GPS,STE
Q13188,STK3,Q9H4B6,27,S,KYVKKETSPLLRNLM,HOMO SAPIENS,GPS,STE
Q13188,STK3,Q9H8S9,74,T,QINMLYGTITEFCTE,HOMO SAPIENS,GPS,STE
Q13188,STK3,P51955,365,S,LKERKFLSLASNPEL,HOMO SAPIENS,GPS,STE
Q13188,STK3,O95835,1060,T,EEENVNDTLNGWYKN,HOMO SAPIENS,GPS,STE
Q13188,STK3,O95835,909,S,HQRCLAHSLVGTPNY,HOMO SAPIENS,GPS,STE
Q13188,STK3,Q9H4B6,26,T,GKYVKKETSPLLRNL,HOMO SAPIENS,GPS,STE
Q13188,STK3,O95835,967,T,MKVINWQTSLHIPPQ,HOMO SAPIENS,GPS,STE
Q9JI10,MST2,Q8BYR2,908,S,HQRCLAHSLVGTPNY,MOUSE,Uniprot,STE
Q9JI10,MST2,Q8BYR2,1078,T,EHAFYEFTFRRFFDD,MOUSE,Uniprot,STE
Q9JI10,MST2,Q921Y0,74,T,QINMLYGTITEFCTE,MOUSE,Uniprot,STE
Q9JI10,MST2,O35942,356,S,ESLMKNYSLLKEHRL,MOUSE,Uniprot,STE
Q9JI10,MST2,O35942,436,S,EKNYQLKSRQILGMR,MOUSE,Uniprot,STE
O54748,MST2,Q3T1J9,74,T,QINMLYGTITEFCTE,RAT,Uniprot,STE
O54748,MST2,O54748,180,T,DTMAKRNTVIGTPFW,RAT,PSP,STE
O54748,STK3,O54748,180,T,DTMAKRNTVIGTPFW,RATTUS NORVEGICUS,GPS,STE
Q9UEW8,STLK3,Q13621,105,T,LQTFGHNTMDAVPKI,HUMAN,PSP,STE
Q9UEW8,STLK3,Q9Y6R1,65,S,ERISENYSDKSDIEN,HUMAN,PSP,STE
Q9UEW8,STLK3,P55011,207,T,YYDTHTNTYYLRTFG,HUMAN,PSP,STE
Q9UEW8,STLK3,P55011,203,T,HQHYYYDTHTNTYYL,HUMAN,PSP,STE
Q9UEW8,STLK3,Q9H2X9,6,T,**MSRRFTVTSLPPA,HUMAN,PSP,STE
Q9UEW8,STLK3,Q9Y666,973,T,ARTQAPPTPDKVQMT,HUMAN,PSP,STE
Q9UEW8,STLK3,Q9UHW9,1048,T,YQEKVHMTWTKDKYM,HUMAN,PSP,STE
Q9UEW8,STLK3,Q13621,95,T,AYDSHTNTYYLQTFG,HUMAN,PSP,STE
Q9UEW8,STLK3,Q9UHW9,96,S,IEDLSQNSITGEHSQ,HUMAN,PSP,STE
Q9UEW8,STLK3,Q13621,100,T,TNTYYLQTFGHNTMD,HUMAN,PSP,STE
Q9UEW8,STLK3,Q9UP95,983,T,GADKIQMTWTRDKYM,HUMAN,PSP,STE
Q9UEW8,STLK3,P55012,205,T,TNTYYLRTFGHNTMD,HUMAN,PSP,STE
Q9UEW8,STLK3,P55017,60,T,MRTFGYNTIDVVPTY,HUMAN,PSP,STE
Q9UEW8,STLK3,Q9H2X9,1032,T,EKVHLTWTKDKSVAE,HUMAN,PSP,STE
Q9UEW8,STLK3,P55017,46,T,SSHPSHLTHSSTFCM,HUMAN,PSP,STE
Q9UEW8,STLK3,P55017,55,T,SSTFCMRTFGYNTID,HUMAN,PSP,STE
Q9UEW8,STLK3,P55012,210,T,LRTFGHNTMDAVPRI,HUMAN,PSP,STE
Q9UEW8,STLK3,Q9UHW9,160,T,MANYTNLTQGAKEHE,HUMAN,PSP,STE
Q9UEW8,STLK3,P55011,212,T,TNTYYLRTFGHNTMD,HUMAN,PSP,STE
Q9UEW8,STLK3,Q9UP95,5,T,***MPHFTVVPVDGP,HUMAN,PSP,STE
Q9UEW8,STLK3,Q9Y666,980,T,TPDKVQMTWTREKLI,HUMAN,PSP,STE
Q9UEW8,STK39,Q13621,95,T,AYDSHTNTYYLQTFG,HOMO SAPIENS,GPS,STE
Q9UEW8,STK39,Q9H2X9,6,T,**MSRRFTVTSLPPA,HOMO SAPIENS,GPS,STE
Q9UEW8,STK39,P55017,60,T,MRTFGYNTIDVVPTY,HOMO SAPIENS,GPS,STE
Q9UEW8,STK39,Q13621,100,T,TNTYYLQTFGHNTMD,HOMO SAPIENS,GPS,STE
Q9UEW8,STK39,Q9Y666,980,T,TPDKVQMTWTREKLI,HOMO SAPIENS,GPS,STE
Q9UEW8,STK39,P55012,210,T,LRTFGHNTMDAVPRI,HOMO SAPIENS,GPS,STE
Q9UEW8,STK39,Q9UP95,983,T,GADKIQMTWTRDKYM,HOMO SAPIENS,GPS,STE
Q9UEW8,STK39,Q9Y6R1,65,S,ERISENYSDKSDIEN,HOMO SAPIENS,GPS,STE
Q9UEW8,STK39,Q9UHW9,1048,T,YQEKVHMTWTKDKYM,HOMO SAPIENS,GPS,STE
Q9UEW8,STK39,P55012,205,T,TNTYYLRTFGHNTMD,HOMO SAPIENS,GPS,STE
Q9UEW8,STK39,P55017,55,T,SSTFCMRTFGYNTID,HOMO SAPIENS,GPS,STE
Q9UEW8,STK39,P55011,207,T,YYDTHTNTYYLRTFG,HOMO SAPIENS,GPS,STE
Q9UEW8,STK39,Q9Y666,973,T,ARTQAPPTPDKVQMT,HOMO SAPIENS,GPS,STE
Q9UEW8,STK39,P55011,212,T,TNTYYLRTFGHNTMD,HOMO SAPIENS,GPS,STE
Q9UEW8,STK39,Q9UP95,5,T,***MPHFTVVPVDGP,HOMO SAPIENS,GPS,STE
Q9UEW8,STK39,Q9UHW9,96,S,IEDLSQNSITGEHSQ,HOMO SAPIENS,GPS,STE
Q9UEW8,STK39,Q9H2X9,1032,T,EKVHLTWTKDKSVAE,HOMO SAPIENS,GPS,STE
Q9UEW8,STK39,P55017,46,T,SSHPSHLTHSSTFCM,HOMO SAPIENS,GPS,STE
Q9UEW8,STK39,Q13621,105,T,LQTFGHNTMDAVPKI,HOMO SAPIENS,GPS,STE
Q9UEW8,STK39,P55011,203,T,HQHYYYDTHTNTYYL,HOMO SAPIENS,GPS,STE
Q9UEW8,STK39,Q9UHW9,160,T,MANYTNLTQGAKEHE,HOMO SAPIENS,GPS,STE
Q9Z1W9,STLK3,P59158,58,T,MRTFGYNTIDVVPAY,MOUSE,PSP,STE
Q9Z1W9,STLK3,Q9Z1W9,247,T,VRKTFVGTPCWMAPE,MOUSE,PSP,STE
Q9Z1W9,STLK3,Q9Z1W9,243,T,TRNKVRKTFVGTPCW,MOUSE,PSP,STE
Q9Z1W9,STK39,Q9Z1W9,247,T,VRKTFVGTPCWMAPE,MOUSE,PhosphoELM,STE
Q9Z1W9,STK39,Q9Z1W9,243,T,TRNKVRKTFVGTPCW,MOUSE,PhosphoELM,STE
Q9Z1W9,STK39,P55012,205,T,TNTYYLRTFGHNTMD,MOUSE,PhosphoELM,STE
O88506,PASK,P62630,432,T,AVRDMRQTVAVGVIK,RAT,Uniprot,STE
O88506,PASK,P52947,151,T,EENKRTRTAYTRAQL,RAT,Uniprot,STE
O88506,PASK,P62755,235,S,IAKRRRLSSLRASTS,RAT,Uniprot,STE
Q13043,MST1,P19429,129,T,ITEIADLTQKIFDLR,HUMAN,PSP,STE
Q13043,MST1,Q06830,183,T,GWKPGSDTIKPDVQK,HUMAN,PSP,STE
Q13043,MST1,Q13043,183,T,DTMAKRNTVIGTPFW,HUMAN,PSP,STE
Q13043,MST1,P00519,735,T,DTEWRSVTLPRDLQS,HUMAN,PSP,STE
Q13043,MST1,Q64373,14,S,ELVVDFLSYKLSQKG,HUMAN,PSP,STE
Q13043,MST1,Q9CQV6,50,T,QLPVLDKTKFLVPDH,HUMAN,PSP,STE
Q13043,MST1,P33778,14,S,APAPKKGSKKAITKA,HUMAN,PSP,STE
Q13043,MST1,Q15208,444,T,DWVFINYTYKRFEGL,HUMAN,PSP,STE
Q13043,MST1,P19429,143,T,RGKFKRPTLRRVRIS,HUMAN,PSP,STE
Q13043,MST1,Q13043,353,T,TMTDGANTMIEHDDT,HUMAN,PSP,STE
Q13043,MST1,O43524,243,S,INPDGGKSGKAPRRR,HUMAN,PSP,STE
Q13043,MST1,O43524,209,S,SSAGWKNSIRHNLSL,HUMAN,PSP,STE
Q13043,MST1,Q14457,108,T,GEASDGGTMENLSRR,HUMAN,PSP,STE
Q13043,MST1,Q06830,90,T,CHLAWVNTPKKQGGL,HUMAN,PSP,STE
Q13043,MST1,O43524,231,S,QNEGTGKSSWWIINP,HUMAN,PSP,STE
Q13043,MST1,Q14653,75,T,RDKPDLPTWKRNFRS,HUMAN,PSP,STE
Q13043,MST1,Q9JI11,327,S,SEEDEMDSGTMVRAA,HUMAN,PSP,STE
Q13043,MST1,Q96GD4,232,T,APSLRRKTMCGTLDY,HUMAN,PSP,STE
Q13043,MST1,O43524,232,S,NEGTGKSSWWIINPD,HUMAN,PSP,STE
Q13043,MST1,P19429,31,T,SNYRAYATEPHAKKK,HUMAN,PSP,STE
Q13043,MST1,Q9GZQ8,50,T,QLPVLDKTKFLVPDH,HUMAN,PSP,STE
Q13043,MST1,O43524,215,S,NSIRHNLSLHSRFMR,HUMAN,PSP,STE
Q13043,MST1,Q7L9L4,35,T,LLKHAEATLGSGNLR,HUMAN,PSP,STE
Q13043,MST1,P17301,1180,S,IDETTELSS******,HUMAN,PSP,STE
Q13043,MST1,Q13043,367,T,TLPSQLGTMVINAED,HUMAN,PSP,STE
Q13043,MST1,Q06830,18,T,PAPNFKATAVMPDGQ,HUMAN,PSP,STE
Q13043,MST1,P16104,139,S,GKKATQASQEY****,HUMAN,PSP,STE
Q13043,MST1,P19429,51,T,SRKLQLKTLLLQIAK,HUMAN,PSP,STE
Q13043,MST1,Q7L9L4,12,T,FGSRSSKTFKPKKNI,HUMAN,PSP,STE
Q13043,MST1,G3V7R4,206,S,SSAGWKNSIRHNLSL,HUMAN,PSP,STE
Q13043,MST1,Q14653,253,T,PDPGMSLTDRGVMSY,HUMAN,PSP,STE
Q13043,MST1,Q61233,89,T,KSTEVAKTFRKAINK,HUMAN,PSP,STE
Q13043,STK4,Q13043,183,T,DTMAKRNTVIGTPFW,HUMAN,PhosphoELM,STE
Q13043,STK4,P33778,15,S,APAPKKGSKKAITKA,HUMAN,PhosphoELM,STE
Q13043,STK4,Q99879,15,S,APVPKKGSKKAINKA,HOMO SAPIENS,GPS,STE
Q13043,STK4,O43524,231,S,QNEGTGKSSWWIINP,HOMO SAPIENS,GPS,STE
Q13043,STK4,G3V7R4,206,S,SSAGWKNSIRHNLSL,HOMO SAPIENS,GPS,STE
Q13043,STK4,Q06830,18,T,PAPNFKATAVMPDGQ,HOMO SAPIENS,GPS,STE
Q13043,STK4,Q06830,90,T,CHLAWVNTPKKQGGL,HOMO SAPIENS,GPS,STE
Q13043,STK4,Q93079,15,S,APAPKKGSKKAVTKA,HOMO SAPIENS,GPS,STE
Q13043,STK4,P19429,51,T,SRKLQLKTLLLQIAK,HOMO SAPIENS,GPS,STE
Q13043,STK4,P00519,735,T,DTEWRSVTLPRDLQS,HOMO SAPIENS,GPS,STE
Q13043,STK4,O43524,232,S,NEGTGKSSWWIINPD,HOMO SAPIENS,GPS,STE
Q13043,STK4,P19429,129,T,ITEIADLTQKIFDLR,HOMO SAPIENS,GPS,STE
Q13043,STK4,Q13043,353,T,TMTDGANTMIEHDDT,HOMO SAPIENS,GPS,STE
Q13043,STK4,P19429,31,T,SNYRAYATEPHAKKK,HOMO SAPIENS,GPS,STE
Q13043,STK4,Q13043,367,T,TLPSQLGTMVINAED,HOMO SAPIENS,GPS,STE
Q13043,STK4,Q61233,89,T,KSTEVAKTFRKAINK,HOMO SAPIENS,GPS,STE
Q13043,STK4,Q7L9L4,35,T,LLKHAEATLGSGNLR,HOMO SAPIENS,GPS,STE
Q13043,STK4,P62807,15,S,APAPKKGSKKAVTKA,HOMO SAPIENS,GPS,STE
Q13043,STK4,Q99880,15,S,APAPKKGSKKAVTKA,HOMO SAPIENS,GPS,STE
Q13043,STK4,Q7L9L4,12,T,FGSRSSKTFKPKKNI,HOMO SAPIENS,GPS,STE
Q13043,STK4,O43524,209,S,SSAGWKNSIRHNLSL,HOMO SAPIENS,GPS,STE
Q13043,STK4,P10275,650,S,GEASSTTSPTEETTQ,HOMO SAPIENS,GPS,STE
Q13043,STK4,P33778,14,S,APAPKKGSKKAITKA,HOMO SAPIENS,GPS,STE
Q13043,STK4,P06899,15,S,APAPKKGSKKAVTKA,HOMO SAPIENS,GPS,STE
Q13043,STK4,O60814,15,S,APAPKKGSKKAVTKA,HOMO SAPIENS,GPS,STE
Q13043,STK4,Q12778,212,S,SSAGWKNSIRHNLSL,HOMO SAPIENS,GPS,STE
Q13043,STK4,Q5QNW6,15,S,APAPKKGSKKAVTKV,HOMO SAPIENS,GPS,STE
Q13043,STK4,O43524,215,S,NSIRHNLSLHSRFMR,HOMO SAPIENS,GPS,STE
Q13043,STK4,P57053,15,S,APAPKKGSKKAVTKA,HOMO SAPIENS,GPS,STE
Q13043,STK4,Q6DN03,15,S,APAPKKGSKKAVTKA,HOMO SAPIENS,GPS,STE
Q13043,STK4,Q14457,108,T,GEASDGGTMENLSRR,HOMO SAPIENS,GPS,STE
Q13043,STK4,O43524,243,S,INPDGGKSGKAPRRR,HOMO SAPIENS,GPS,STE
Q13043,STK4,Q16778,15,S,APAPKKGSKKAVTKA,HOMO SAPIENS,GPS,STE
Q13043,STK4,P23527,15,S,APAPKKGSKKAVTKA,HOMO SAPIENS,GPS,STE
Q13043,STK4,P19429,143,T,RGKFKRPTLRRVRIS,HOMO SAPIENS,GPS,STE
Q13043,STK4,P17301,1180,S,IDETTELSS******,HOMO SAPIENS,GPS,STE
Q13043,STK4,Q6DRA6,15,S,APAPKKGSKKAVTKA,HOMO SAPIENS,GPS,STE
Q13043,STK4,Q14653,253,T,PDPGMSLTDRGVMSY,HOMO SAPIENS,GPS,STE
Q13043,STK4,Q9JI11,327,S,SEEDEMDSGTMVRAA,HOMO SAPIENS,GPS,STE
Q13043,STK4,Q06830,183,T,GWKPGSDTIKPDVQK,HOMO SAPIENS,GPS,STE
Q13043,STK4,Q14653,75,T,RDKPDLPTWKRNFRS,HOMO SAPIENS,GPS,STE
Q13043,STK4,Q15208,444,T,DWVFINYTYKRFEGL,HOMO SAPIENS,GPS,STE
Q13043,STK4,Q8N257,15,S,APAPKKGSKKAVTKA,HOMO SAPIENS,GPS,STE
Q13043,STK4,Q96GD4,232,T,APSLRRKTMCGTLDY,HOMO SAPIENS,GPS,STE
Q13043,STK4,P16104,139,S,GKKATQASQEY****,HOMO SAPIENS,GPS,STE
Q13043,STK4,P58876,15,S,APAPKKGSKKAVTKA,HOMO SAPIENS,GPS,STE
Q13043,STK4,Q99877,15,S,APAPKKGSKKAVTKA,HOMO SAPIENS,GPS,STE
A4K2T0,STK4,A4K2T0,183,T,DTMAKRNTVIGTPFW,MACACA MULATTA,GPS,STE
Q9JI11,MST1,Q9Z1E3,32,S,LVDDRHDSGLDSMKD,MOUSE,PSP,STE
Q9JI11,MST1,Q9Z1E3,36,S,RHDSGLDSMKDEEYE,MOUSE,PSP,STE
Q9JI11,MST1,Q9JI11,387,T,TMKRRDETMQPAKPS,MOUSE,PSP,STE
Q9JI11,MST1,Q9JI11,177,T,VAGQLTDTMAKRNTV,MOUSE,PSP,STE
Q9JI11,MST1,Q9JI11,183,T,DTMAKRNTVIGTPFW,MOUSE,PSP,STE
Q9JI11,STK4,Q9JI11,177,T,VAGQLTDTMAKRNTV,MOUSE,PhosphoELM,STE
Q9JI11,STK4,Q9JI11,387,T,TMKRRDETMQPAKPS,MOUSE,PhosphoELM,STE
Q9JI11,STK4,Q9Z1E3,36,S,RHDSGLDSMKDEEYE,MUS MUSCULUS,GPS,STE
Q9JI11,STK4,Q9Z1E3,32,S,LVDDRHDSGLDSMKD,MUS MUSCULUS,GPS,STE
Q9JI11,STK4,Q9JI11,183,T,DTMAKRNTVIGTPFW,MUS MUSCULUS,GPS,STE
A4K2Q5,STK4,A4K2Q5,183,T,DTMAKRNTVIGTPFW,OTOLEMUR GARNETTII,GPS,STE
Q0KHQ5,TAO,Q8T0S6,195,T,DTMAKRNTVIGTPFW,DROME,Uniprot,STE
Q7L7X3,TAOK1,Q9P0L2,215,T,TVGNKLDTFCGSPPY,HUMAN,Uniprot,STE
Q7L7X3,TAOK1,Q7KZI7,208,T,TFGNKLDTFCGSPPY,HUMAN,Uniprot,STE
Q5F2E8,TAOK1,Q8VHJ5,215,T,TVGNKLDTFCGSPPY,MOUSE,Uniprot,STE
Q5F2E8,TAOK1,Q05512,208,T,TFGNKLDTFCGSPPY,MOUSE,Uniprot,STE
O88664,TAOK1,O08678,215,T,TVGNKLDTFCGSPPY,RAT,Uniprot,STE
O88664,TAOK1,O08679,208,T,TFGNKLDTFCGSPPY,RAT,Uniprot,STE
O88664,TAO1,O08679,208,T,TFGNKLDTFCGSPPY,RAT,PSP,STE
Q9UL54,TAO2,O55131,425,T,EQQNSSRTLEKNKKK,HUMAN,PSP,STE
Q9UL54,TAO2,Q9UL54,181,S,SIMAPANSFVGTPYW,HUMAN,PSP,STE
Q9UL54,TAOK2,O55131,425,T,EQQNSSRTLEKNKKK,HOMO SAPIENS,GPS,STE
Q6ZQ29,TAO2,O55131,425,T,EQQNSSRTLEKNKKK,MOUSE,PSP,STE
Q9UKE5,TNIK,Q15797,322,T,SNVNRNSTIENTRRH,HUMAN,Uniprot,STE
Q9UKE5,TNIK,Q9NQB0,177,S,QALKDARSPSPAHIV,HUMAN,PSP,STE
P83510,TNIK,P70340,322,T,SNVNRNSTIENTRRH,MOUSE,Uniprot,STE
Q75JK0,ZAKA,P51136,214,Y,KGETNVSYICSRHYR,DICDI,Uniprot,STE
Q75JK0,ZAKA,P51136,220,Y,SYICSRHYRAPELIF,DICDI,Uniprot,STE
